country = France
S0 = 1000000.0
Delta Date Days = 0.0
I0 = 200.0
wCases = 0.40000108784270644
wRec = 0.10000008702741651
R0 = 200.0
D0 = 200.0
