country = Italy
S0 = 1000000.0
Delta Date Days = 0.0
I0 = 200.0
wCases = 0.3994144997734597
wRec = 0.09996656420998148
R0 = 200.0
D0 = 200.0
