country = China
S0 = 1000000.0
Delta Date Days = 0.0
I0 = 200.0
wCases = 0.40000367722197067
wRec = 0.10000028467327239
R0 = 200.0
D0 = 200.0
