country = Brazil
S0 = 1000000.0
Delta Date Days = 0.0
I0 = 200.0
wCases = 0.39999758259876567
wRec = 0.1000001381372134
R0 = 200.0
D0 = 200.0
