DRS 02 - Araçatuba, 239308777.5942241, 283670.80534798745, 2020-03-29, 136.791162106067, 59.48578450260672, 55.11556767161821, 0.59659026882499, 0.05779258799925323
DRS 02 - Araçatuba, 157271923.0101554, 147479.82830315933, 2020-03-30, 203.67199915446756, 198.51003833868882, 90.51344966534324, 0.772504673621062, 0.19000936702266466
DRS 02 - Araçatuba, 34367716.911566384, 565169.2317467736, 2020-03-31, 7.571572675410115, 31.93043084275801, 103.90623992404718, 0.4135219911634427, 0.021007428535124727
DRS 02 - Araçatuba, 181759589.6934883, 175639.3365078381, 2020-04-01, 162.9236425348304, 205.39668760869722, 171.36664088999987, 0.40090894454837434, 0.05971667120429018
DRS 02 - Araçatuba, 33145368.43576413, 166191.38046534912, 2020-03-31, 112.64939421548142, 31.136747861629676, 104.88549077313425, 0.39269576398012107, 0.07025274422033047
DRS 02 - Araçatuba, 153787515.26321423, 646892.4088084259, 2020-04-03, 120.30335825240901, 97.35175053404424, 118.64863719043845, 0.3004528828343534, 0.1354479819428293
DRS 02 - Araçatuba, 321899227.6770292, 227030.24914472696, 2020-03-29, 48.4284610695222, 246.89344436374293, 104.63330296318368, 0.548968937757156, 0.1397379738507651
DRS 02 - Araçatuba, 489192197.2179499, 239415.01962300605, 2020-04-03, 228.15701184258867, 44.678952695026034, 81.75345589587805, 0.8264487738835221, 0.06294469694080183
DRS 02 - Araçatuba, 54395283.63350822, 435189.3942095755, 2020-04-02, 50.390248487995144, 209.1673185859326, 167.52394321862545, 0.3242568343063781, 0.0992554793852741
DRS 02 - Araçatuba, 691242.3107085405, 559812.57748061, 2020-04-02, 54.605507670545286, 160.54426665996408, 42.58039325801705, 0.1786811775074771, 0.11978336553892385
DRS 02 - Araçatuba, 160940602.82821706, 772387.847143971, 2020-04-02, 172.9168094974356, 148.1283823186954, 29.842642818367015, 0.6806968552649404, 0.047279872633426756
DRS 02 - Araçatuba, 165994217.3556741, 166064.71540281994, 2020-03-29, 28.98962245448655, 106.37032717961986, 113.17917032176011, 0.7253549598775061, 0.12986898530655816
DRS 02 - Araçatuba, 42757925.549045704, 653390.3168177071, 2020-03-29, 8.079088504144766, 10.033778769163698, 200.65526023005762, 0.5201597325581762, 0.16291131991575408
DRS 02 - Araçatuba, 514349945.62711513, 602736.1338641739, 2020-03-29, 200.08764471974868, 222.94171075738663, 215.44594771590894, 0.8241748343041745, 0.12436084337132021
DRS 02 - Araçatuba, 2035606.1469451264, 326589.92417838, 2020-04-03, 221.24941926826966, 68.91701219070018, 148.31777256508556, 0.5965869791370065, 0.08570830912136115
DRS 02 - Araçatuba, 176894551.40695554, 290925.0693971918, 2020-03-29, 167.77011064055617, 19.53252117452556, 2.6117672787596415, 0.7453217482721511, 0.08013294154173434
DRS 02 - Araçatuba, 54342029.02690371, 253352.5225417352, 2020-03-31, 163.0807866724042, 7.482828587606349, 201.64128724005099, 0.243305310538122, 0.07326953591456711
DRS 02 - Araçatuba, 52294237.74616368, 95655.23601888967, 2020-03-31, 95.3971138755441, 45.37148603116476, 97.60355787504845, 0.9334211044145136, 0.0736792844929489
DRS 02 - Araçatuba, 540110220.1442652, 316677.4003950149, 2020-04-04, 123.3018057014767, 249.62170977021498, 204.39664076656842, 0.938252499355569, 0.04168453176485921
DRS 02 - Araçatuba, 148724665.9590987, 634866.1681386338, 2020-03-28, 143.87004169601198, 42.273032223683366, 65.6843838408149, 0.6387289010754424, 0.1843167664305781
DRS 02 - Araçatuba, 29359273.229011852, 595573.9063825605, 2020-04-03, 160.42485353188954, 114.26455500937074, 143.4914342490669, 0.9529473697815379, 0.030533783763451647
DRS 02 - Araçatuba, 357556554.86737114, 203902.84286878305, 2020-04-03, 39.7759538383366, 184.00243690200307, 101.08626345434712, 0.6612449587077722, 0.18301777292458618
DRS 02 - Araçatuba, 2412512511.054765, 384553.88586467924, 2020-03-31, 124.70529041578341, 105.1687172482936, 21.00169031978899, 0.9503350654260324, 0.010365278090094398
DRS 02 - Araçatuba, 159362688.48523358, 398747.07465311425, 2020-04-02, 126.51027123747771, 244.31453873566863, 136.89296257457647, 0.70145207181566, 0.09013439591822836
DRS 02 - Araçatuba, 58088097.654489174, 241793.49388777692, 2020-04-02, 137.45403031472367, 193.10507715547394, 221.7793779043721, 0.6770010662144761, 0.13212492964871692
DRS 02 - Araçatuba, 18943062.59413594, 658724.0221569029, 2020-03-31, 0.5401371484461126, 19.64502905495144, 243.47546959911062, 0.6467168226610316, 0.12674610192384758
DRS 02 - Araçatuba, 74988732000.81972, 660710.9210172911, 2020-04-03, 177.71013554545405, 114.33624314946636, 202.02754953904432, 0.8731783718649484, 0.17228761892083821
DRS 02 - Araçatuba, 189190841.27948976, 588167.2073528549, 2020-03-29, 187.43464565921295, 243.2893753535912, 165.35966736625122, 0.31236313961428686, 0.17286866805484727
DRS 02 - Araçatuba, 48561149.27156165, 246997.799116372, 2020-04-01, 237.54966953403982, 8.196715353145617, 10.992870887575723, 0.6112540348493405, 0.14838945054891597
DRS 02 - Araçatuba, 553375193.3707274, 664342.2113539734, 2020-03-30, 60.90858182309217, 106.76779309941179, 175.4539652448937, 0.6291256454336036, 0.11153684417680355
DRS 02 - Araçatuba, 169937285.8231144, 727891.358598845, 2020-03-29, 185.49656809225021, 166.63598275513428, 221.35512876155573, 0.27345627122685323, 0.12882628746118477
DRS 02 - Araçatuba, 67994798.57504643, 491572.6432964445, 2020-04-03, 200.84005462682913, 76.80492267216762, 84.72195585549116, 0.6453623275892373, 0.055074168218494035
DRS 02 - Araçatuba, 56977997.7524615, 255448.4630396912, 2020-04-02, 155.21057088323246, 167.782685997282, 119.8982339773885, 0.668576805159108, 0.0021559150213057996
DRS 02 - Araçatuba, 259307076.16799927, 321234.95157974993, 2020-04-03, 198.9815058316968, 160.3039158500229, 90.71558414195738, 0.524431700940767, 0.115523574143946
DRS 02 - Araçatuba, 3967380.449005279, 285268.4019804164, 2020-04-01, 46.32112235328706, 18.898809801189962, 118.99106964129183, 0.7834768732732279, 0.12164967412016355
DRS 02 - Araçatuba, 34136114.432872206, 564329.3208867351, 2020-04-01, 230.27978664534456, 154.80750274441527, 147.17018274062676, 0.3975802104141794, 0.09613029037830739
DRS 02 - Araçatuba, 2533571.697740305, 147479.82830315933, 2020-03-30, 195.42268963871484, 198.51003833868882, 26.011193773672144, 0.772504673621062, 0.1561724792635586
DRS 02 - Araçatuba, 242193559.75764173, 546531.1995526945, 2020-04-01, 76.67892199889077, 31.93043084275801, 49.04525465996103, 0.4713596600593316, 0.04363392547168641
DRS 02 - Araçatuba, 16895731.396614075, 277085.16090003395, 2020-04-01, 103.23393259892465, 17.472280086873376, 117.36020091220348, 0.40090894454837434, 0.03139489029254596
DRS 02 - Araçatuba, 206568870.20632783, 648924.6103185025, 2020-03-31, 135.87512295847333, 106.7072571728937, 67.76812543183465, 0.457058026373245, 0.11859833221098005
DRS 02 - Araçatuba, 2967006.136292946, 646892.4088084259, 2020-04-03, 120.30335825240901, 97.35175053404424, 118.64863719043845, 0.3425250939922748, 0.05141652803467256
DRS 02 - Araçatuba, 46215672.06656702, 654192.6482263488, 2020-04-03, 48.4284610695222, 98.62435247122262, 120.1035292148333, 0.548968937757156, 0.1397379738507651
DRS 02 - Araçatuba, 1293297146.4413815, 239415.01962300605, 2020-04-03, 231.17626412492447, 207.6154191421712, 101.464734561942, 0.8264487738835221, 0.18596047954736608
DRS 02 - Araçatuba, 27585599.17551484, 254933.8038551482, 2020-04-02, 77.1860139686153, 168.0159239191274, 167.52394321862545, 0.3242568343063781, 0.0992554793852741
DRS 02 - Araçatuba, 42296670.2960822, 620099.9076379432, 2020-04-03, 54.605507670545286, 153.8526483698379, 42.58039325801705, 0.1786811775074771, 0.11978336553892385
DRS 02 - Araçatuba, 90773765.65589292, 328459.70502566313, 2020-04-02, 214.22842856699285, 211.9199283035983, 75.3950939212859, 0.6806968552649404, 0.02226810819158999
DRS 02 - Araçatuba, 2534487.9782153387, 248721.95811890642, 2020-04-03, 236.17524417628755, 33.86917899592709, 195.39155457320422, 0.7253549598775061, 0.096398427377804
DRS 02 - Araçatuba, 40312769.51987167, 766408.0703982546, 2020-04-03, 99.97882963044448, 134.46123084236967, 97.76150376608716, 0.4808399259716307, 0.16291131991575408
DRS 02 - Araçatuba, 489637134.35397553, 377443.0918831619, 2020-03-31, 36.17689894819318, 42.92058788857491, 215.44594771590894, 0.8241748343041745, 0.14899485461046627
DRS 02 - Araçatuba, 150858144.25397593, 661487.6556402715, 2020-04-03, 221.24941926826966, 68.91701219070018, 187.66252487212068, 0.3208083200746744, 0.191275072703002
DRS 02 - Araçatuba, 4353819.30425357, 551744.0762670361, 2020-03-29, 222.53706019390543, 123.82733017266533, 204.78806723329689, 0.7453217482721511, 0.038765579785974766
DRS 02 - Araçatuba, 50258116.4710843, 253352.5225417352, 2020-04-02, 163.0807866724042, 7.482828587606349, 75.05662313363787, 0.601373789611829, 0.06750917544312057
DRS 02 - Araçatuba, 321853735.5803484, 95655.23601888967, 2020-03-28, 95.3971138755441, 54.53988500092441, 97.60355787504845, 0.5821946823934594, 0.14583914768439193
DRS 02 - Araçatuba, 463834744.0257385, 316677.4003950149, 2020-04-04, 204.14487622656682, 249.62170977021498, 204.39664076656842, 0.9001342099833365, 0.07612691681768263
DRS 02 - Araçatuba, 9947290022.644058, 529717.6996818623, 2020-03-28, 143.87004169601198, 225.33904709978142, 125.77741419993738, 0.8253829492978505, 0.1843167664305781
DRS 02 - Araçatuba, 78624293425.65169, 552352.7888180569, 2020-03-30, 206.06491240901124, 114.26455500937074, 237.16649166528924, 0.9529473697815379, 0.11197227211604152
DRS 02 - Araçatuba, 27450757599.186268, 203902.84286878305, 2020-04-03, 194.39552220729567, 185.43663248293706, 110.23055435082564, 0.9876145798080685, 0.18301777292458618
DRS 02 - Araçatuba, 196407348.4517194, 384553.88586467924, 2020-03-31, 124.70529041578341, 243.51143465248808, 31.661223665046375, 0.6412114937502738, 0.010365278090094398
DRS 02 - Araçatuba, 60736010.02264037, 227233.47161847522, 2020-04-03, 215.33571927101207, 230.20543161684444, 192.35253018388082, 0.70145207181566, 0.05322554616511139
DRS 02 - Araçatuba, 31798184.563364185, 302035.0007719485, 2020-04-02, 137.45403031472367, 193.8715876896889, 24.892520201863526, 0.39377351894439316, 0.10176329248020528
DRS 02 - Araçatuba, 64598253.64252018, 330980.77658615756, 2020-04-03, 136.37615931288522, 214.08707431568448, 220.8410981302288, 0.7592972044807178, 0.03835946853609878
DRS 02 - Araçatuba, 54087850.194051996, 508305.91087125393, 2020-03-31, 177.71013554545405, 114.33624314946636, 202.02754953904432, 0.5142481378295133, 0.17228761892083821
DRS 02 - Araçatuba, 1490770.1435855401, 302546.6683428552, 2020-03-29, 26.194644839811136, 81.54899597705767, 36.44258842658773, 0.44625197759757695, 0.09063181677327299
DRS 02 - Araçatuba, 5414242064.828084, 246997.799116372, 2020-04-01, 237.54966953403982, 110.88517420886257, 188.4133213984177, 0.9349569491379597, 0.0896063218510408
DRS 02 - Araçatuba, 3902594.3210215843, 326024.39066056494, 2020-04-02, 142.27599295923147, 97.61556293790338, 175.4539652448937, 0.3745492904355352, 0.007437001488999403
DRS 02 - Araçatuba, 64610414.57337247, 205113.6982485798, 2020-03-29, 156.12690318946613, 179.44542351377274, 44.76645064138128, 0.27345627122685323, 0.07770711162415644
DRS 02 - Araçatuba, 124689597.7904002, 491572.6432964445, 2020-04-02, 200.84005462682913, 158.27478964905475, 84.72195585549116, 0.5384997627701789, 0.1006044651277029
DRS 02 - Araçatuba, 75394591.17328903, 255448.4630396912, 2020-04-02, 155.21057088323246, 225.08768552379513, 89.3562970794809, 0.8967310979220315, 0.03212472438233702
DRS 02 - Araçatuba, 84923625.9430624, 321234.95157974993, 2020-04-01, 198.9815058316968, 160.3039158500229, 90.71558414195738, 0.524431700940767, 0.07051770018673285
DRS 02 - Araçatuba, 807949580.06888, 491088.9962522448, 2020-04-01, 46.32112235328706, 195.08751340730126, 205.93747652155574, 0.69323772887041, 0.05662680953843084
DRS 02 - Araçatuba, 298197584.4999334, 167239.90095998766, 2020-04-01, 230.27978664534456, 27.72775781894448, 147.17018274062676, 0.658596595127221, 0.005218046516293273
DRS 02 - Araçatuba, 46893390.0796298, 226534.75697498646, 2020-03-30, 39.4190645292943, 138.073082865224, 26.011193773672144, 0.5893950083965908, 0.1561724792635586
DRS 02 - Araçatuba, 272340615.9839914, 565169.2317467736, 2020-03-31, 73.37133846939362, 31.93043084275801, 249.97367659815444, 0.3186954199807809, 0.07752619833755121
DRS 02 - Araçatuba, 207980353.5794859, 284759.49903214857, 2020-04-03, 103.23393259892465, 111.70237684618748, 117.36020091220348, 0.9109566978192938, 0.03139489029254596
DRS 02 - Araçatuba, 235370427.69669464, 699019.8042970239, 2020-04-03, 112.64939421548142, 31.136747861629676, 105.13405045018798, 0.48550515999546273, 0.1697971805055476
DRS 02 - Araçatuba, 19737039.004729558, 597977.8277433696, 2020-04-02, 205.2343195312272, 103.69307711782093, 118.64863719043845, 0.48468084197093875, 0.13368003760278785
DRS 02 - Araçatuba, 384073609.78605, 388857.5522157191, 2020-04-03, 48.4284610695222, 98.62435247122262, 68.47309061700346, 0.7080177529507304, 0.05355065792013699
DRS 02 - Araçatuba, 1651466515.8564155, 239415.01962300605, 2020-04-03, 117.15308470863638, 6.110794219015739, 10.889464590881609, 0.8264487738835221, 0.18596047954736608
DRS 02 - Araçatuba, 260757857.98946074, 254933.8038551482, 2020-04-01, 237.3038689382796, 109.08587246956728, 81.20785924344221, 0.5074273822836162, 0.046636261903589084
DRS 02 - Araçatuba, 421482041.8013687, 559812.57748061, 2020-04-01, 73.074023073353, 147.28727511902002, 42.58039325801705, 0.8054030361131317, 0.11978336553892385
DRS 02 - Araçatuba, 69973188140.75763, 550657.959721445, 2020-03-30, 212.42896269054907, 124.6450353681112, 200.90646096734903, 0.8986053566181528, 0.16481852773702443
DRS 02 - Araçatuba, 253060252.14247048, 615792.7375379647, 2020-03-31, 72.59776498689807, 138.05819923512152, 59.0417909938242, 0.5537348096172237, 0.17145837847516623
DRS 02 - Araçatuba, 110894092.59492701, 538381.1571812659, 2020-04-01, 99.97882963044448, 134.46123084236967, 97.76150376608716, 0.4808399259716307, 0.13705407534344113
DRS 02 - Araçatuba, 49787172.71935621, 536157.2303831733, 2020-03-29, 49.89395806815906, 241.76983738554068, 17.187562893814317, 0.20996409111110947, 0.14899485461046627
DRS 02 - Araçatuba, 261448368.6278403, 326589.92417838, 2020-04-02, 116.95412671875295, 68.91701219070018, 148.31777256508556, 0.5965869791370065, 0.019504349239306905
DRS 02 - Araçatuba, 11720889.306767471, 551744.0762670361, 2020-03-29, 136.15547322164934, 155.02914017530154, 181.8218755053243, 0.33394169661157513, 0.038765579785974766
DRS 02 - Araçatuba, 162177198.96350837, 386229.9859884665, 2020-03-29, 163.0807866724042, 151.94543273167616, 75.05662313363787, 0.3925476915602516, 0.01939606313335774
DRS 02 - Araçatuba, 19982156.91666718, 376866.6418015352, 2020-03-29, 2.6474629131586767, 45.37148603116476, 97.60355787504845, 0.6643774174463692, 0.0736792844929489
DRS 02 - Araçatuba, 424175958.3253748, 646382.0477106882, 2020-04-01, 192.7226395519272, 249.62170977021498, 230.21422574110846, 0.9001342099833365, 0.062359543002445034
DRS 02 - Araçatuba, 21232211.75364584, 64848.4761191782, 2020-03-28, 241.09541709927962, 225.33904709978142, 45.558296990804514, 0.2566156711061115, 0.11752808649272929
DRS 02 - Araçatuba, 10095575535.371777, 552352.7888180569, 2020-03-28, 237.2630040046533, 24.65401772755904, 148.24872194072594, 0.8849697732048988, 0.018084038813602217
DRS 02 - Araçatuba, 2478098084.5361414, 135228.70227177988, 2020-04-03, 194.39552220729567, 185.43663248293706, 144.57960620217548, 0.9876145798080685, 0.05430634567276587
DRS 02 - Araçatuba, 1954129.0536059586, 284601.69534224906, 2020-03-30, 124.70529041578341, 139.3372422816922, 140.75443072074913, 0.6412114937502738, 0.13008521778795654
DRS 02 - Araçatuba, 20883411.157393947, 484962.102747383, 2020-04-01, 96.83986258838605, 17.237356772093253, 20.99172487456262, 0.70145207181566, 0.05310969170795514
DRS 02 - Araçatuba, 165860807.34395024, 532557.8902048775, 2020-03-31, 151.26496612753738, 201.33675308878597, 148.05412410693063, 0.4639284977207865, 0.10176329248020528
DRS 02 - Araçatuba, 337038145.4513452, 285000.817457476, 2020-04-01, 1.689853052198348, 155.67727683943238, 58.11892059318289, 0.7155756155117384, 0.12674610192384758
DRS 02 - Araçatuba, 216565944.2956529, 311626.24784134, 2020-03-30, 224.56987600955927, 122.48657587104059, 202.02754953904432, 0.35895354415913877, 0.06585389893825763
DRS 02 - Araçatuba, 86928493.13291217, 302546.6683428552, 2020-04-04, 223.22686214430325, 42.820170742362386, 100.69287363355795, 0.44625197759757695, 0.1026374205934712
DRS 02 - Araçatuba, 229819413.64712518, 558297.0914610401, 2020-04-02, 245.00839888954235, 208.66820569025296, 199.5590505856071, 0.3718575940486287, 0.0896063218510408
DRS 02 - Araçatuba, 183858387.378927, 424985.5874271676, 2020-04-01, 219.118837544747, 138.01832527390204, 175.4539652448937, 0.3745492904355352, 0.0381326417510747
DRS 02 - Araçatuba, 448471953.91862506, 205113.6982485798, 2020-04-01, 20.62627419696521, 242.98277531200168, 154.38782564616147, 0.7474368807106001, 0.07770711162415644
DRS 02 - Araçatuba, 158100974.92303252, 491572.6432964445, 2020-04-01, 40.49602856942308, 76.80492267216762, 84.72195585549116, 0.6829007612832053, 0.064381153503175
DRS 02 - Araçatuba, 303208582.3931329, 255448.4630396912, 2020-04-02, 147.97498851663923, 171.70255353180204, 42.80831272226332, 0.5585152726339297, 0.08527843253162844
DRS 02 - Araçatuba, 13661890.19143473, 321234.95157974993, 2020-04-01, 20.891356980717063, 160.3039158500229, 90.71558414195738, 0.24563080108460772, 0.011387502440384773
DRS 02 - Araçatuba, 415832795.5261061, 285268.4019804164, 2020-04-01, 228.42586486191414, 18.898809801189962, 245.60695410175313, 0.9175155632414627, 0.12164967412016355
DRS 02 - Araçatuba, 215899802.64863738, 564329.3208867351, 2020-04-04, 37.19895400353628, 180.1130592066466, 111.52246975752755, 0.3650771247262423, 0.09337898779712524
DRS 02 - Araçatuba, 21955035.198727667, 147479.82830315933, 2020-04-03, 141.49197870061812, 198.51003833868882, 179.4345628656395, 0.2549859054273705, 0.01131142620690303
DRS 02 - Araçatuba, 2464245.912273154, 565169.2317467736, 2020-03-31, 7.571572675410115, 31.93043084275801, 184.07803282988556, 0.7101429890787176, 0.17714415264464586
DRS 02 - Araçatuba, 189492155.2626356, 512796.4331695102, 2020-04-01, 52.4997462849677, 15.12260357863643, 151.06359786904787, 0.4069152831348527, 0.03139489029254596
DRS 02 - Araçatuba, 88501488.2901533, 166191.38046534912, 2020-03-28, 101.36967932649479, 31.136747861629676, 121.84830332517205, 0.43304632533704246, 0.1487836288555302
DRS 02 - Araçatuba, 578703.8674807613, 646892.4088084259, 2020-04-03, 120.30335825240901, 141.10384889468406, 77.6967839620476, 0.1509754968328771, 0.10008516899748353
DRS 02 - Araçatuba, 53845602.2131266, 326516.1780378459, 2020-03-30, 57.000662388574746, 98.62435247122262, 53.980933216239514, 0.22945991760901158, 0.024238043084028993
DRS 02 - Araçatuba, 368997442.9076593, 93122.83608886041, 2020-04-01, 117.15308470863638, 143.0662596204928, 10.889464590881609, 0.6928377982698111, 0.0054100475496537985
DRS 02 - Araçatuba, 27544192.191327635, 574985.4768093287, 2020-04-02, 77.1860139686153, 48.506808165407854, 167.52394321862545, 0.3242568343063781, 0.0992554793852741
DRS 02 - Araçatuba, 339043831.6123532, 559812.57748061, 2020-04-02, 65.42970103871629, 198.93570462292968, 42.58039325801705, 0.6180327900574407, 0.15907963754868829
DRS 02 - Araçatuba, 176499403.25101727, 550657.959721445, 2020-04-03, 210.62332249642563, 106.90525469581885, 54.60078887464538, 0.783861744982015, 0.05603142117570039
DRS 02 - Araçatuba, 31074720.48792546, 78350.60702132349, 2020-04-03, 236.17524417628755, 33.86917899592709, 174.3402434866608, 0.2758298967188853, 0.096398427377804
DRS 02 - Araçatuba, 196739825.20925257, 766408.0703982546, 2020-03-29, 99.97882963044448, 134.46123084236967, 80.23235814715748, 0.4808399259716307, 0.13789088476957365
DRS 02 - Araçatuba, 93930287.155594, 315561.99580151786, 2020-03-29, 222.7320871915906, 241.76983738554068, 17.187562893814317, 0.20996409111110947, 0.14899485461046627
DRS 02 - Araçatuba, 383239103.1546018, 733368.393901416, 2020-03-30, 221.24941926826966, 68.91701219070018, 148.31777256508556, 0.6464112432249105, 0.11569374328890072
DRS 02 - Araçatuba, 76871280.79978463, 567986.2050398492, 2020-04-03, 46.041916252373454, 123.82733017266533, 204.78806723329689, 0.16330474304453058, 0.18248970201317127
DRS 02 - Araçatuba, 11851530.139219709, 253352.5225417352, 2020-04-02, 234.76778307939261, 7.482828587606349, 161.18907552026465, 0.7813867183745339, 0.07280201703318245
DRS 02 - Araçatuba, 892902.7791685755, 528499.11111111, 2020-03-31, 172.51684651653207, 198.01454246007964, 29.00119990004761, 0.23003113123985303, 0.0736792844929489
DRS 02 - Araçatuba, 10494526465.162312, 646382.0477106882, 2020-03-29, 167.55488943726309, 182.55042327316082, 155.83636806553307, 0.9442747142240914, 0.062359543002445034
DRS 02 - Araçatuba, 3075161363.726037, 529717.6996818623, 2020-04-03, 155.7850631365435, 125.61390263008798, 134.28824839687928, 0.5402275991927542, 0.11081980553766413
DRS 02 - Araçatuba, 941752429.1011233, 552352.7888180569, 2020-03-31, 206.06491240901124, 177.675439885123, 60.90845895392496, 0.9312199897029234, 0.10359572780946757
DRS 02 - Araçatuba, 41615236.39896143, 612397.7481699472, 2020-04-03, 194.39552220729567, 44.135893462233646, 41.989405120918036, 0.5131609261022589, 0.18301777292458618
DRS 02 - Araçatuba, 145708085.945235, 284601.69534224906, 2020-03-30, 67.05471000755591, 126.15136867312538, 140.75443072074913, 0.6412114937502738, 0.13008521778795654
DRS 02 - Araçatuba, 391699518.78321147, 107398.61464584051, 2020-04-01, 129.55065805145975, 4.953149784924676, 20.99172487456262, 0.9581551653047256, 0.06212972883383636
DRS 02 - Araçatuba, 36145543.16157215, 540293.7466294399, 2020-03-28, 59.17573107824759, 193.8715876896889, 24.892520201863526, 0.4523661564901498, 0.16648205449544579
DRS 02 - Araçatuba, 8349100.967260414, 415943.8163321789, 2020-04-02, 0.5401371484461126, 78.12513125125773, 186.71627081648282, 0.6467168226610316, 0.13802359521042132
DRS 02 - Araçatuba, 332723808.9690551, 660710.9210172911, 2020-03-30, 220.93507481625915, 114.33624314946636, 129.85595445617872, 0.7259629388176748, 0.09733605160989697
DRS 02 - Araçatuba, 381045441.67689556, 260041.01207447756, 2020-03-29, 26.194644839811136, 93.32495184147626, 131.17122597621233, 0.5287674803129161, 0.1552764392269651
DRS 02 - Araçatuba, 115646498.95509215, 117135.93457809942, 2020-04-01, 96.17576270011267, 110.88517420886257, 33.3786278376812, 0.2116069260678975, 0.18877247515582887
DRS 02 - Araçatuba, 222632555.64529747, 326024.39066056494, 2020-04-02, 197.0313111354328, 182.3766109445492, 181.99622508539565, 0.3745492904355352, 0.051676102896118646
DRS 02 - Araçatuba, 96831691.95179158, 331465.7988276095, 2020-03-30, 156.12690318946613, 179.44542351377274, 129.33093872636738, 0.4257370979440458, 0.014967485150739852
DRS 02 - Araçatuba, 44590230.96635031, 491572.6432964445, 2020-04-03, 147.62032280304845, 152.7972316137031, 39.69883891072126, 0.553373881596424, 0.055074168218494035
DRS 02 - Araçatuba, 56503965.47655253, 128886.81530991229, 2020-04-02, 121.61074799358002, 11.434088796412306, 119.8982339773885, 0.7154142322123195, 0.14863447071241798
DRS 02 - Araçatuba, 277159320.5238644, 301936.62919233774, 2020-04-01, 20.891356980717063, 160.3039158500229, 90.71558414195738, 0.49616320716093143, 0.011387502440384773
DRS 02 - Araçatuba, 3340207.7333763205, 472918.01944043813, 2020-04-01, 197.83495404640288, 133.73308916059813, 245.60695410175313, 0.818271254373016, 0.0904417208246836
DRS 02 - Araçatuba, 223894433.46103925, 585924.559663979, 2020-04-01, 230.27978664534456, 148.7489177279809, 232.57479346130881, 0.532113864349329, 0.06846043339710449
DRS 02 - Araçatuba, 99308593.22056308, 331337.60594872653, 2020-03-30, 53.719931539650126, 163.28452629310289, 48.481773465599844, 0.42267998118228, 0.1561724792635586
DRS 02 - Araçatuba, 331411043.3242676, 509901.6171652005, 2020-04-02, 71.94309253405123, 240.71865948534048, 145.70674811106423, 0.7101429890787176, 0.11109343932643158
DRS 02 - Araçatuba, 59597120.53557452, 277085.16090003395, 2020-04-01, 207.78955909859437, 5.579346989785739, 102.40486003837603, 0.7552335964973059, 0.17381159749173802
DRS 02 - Araçatuba, 239498031.35021088, 166191.38046534912, 2020-03-31, 112.64939421548142, 127.56792903287383, 104.88549077313425, 0.8895119514830073, 0.11308485195630325
DRS 02 - Araçatuba, 65181655.51577476, 185495.98286893527, 2020-04-04, 150.9000422122475, 196.0777235113252, 77.6967839620476, 0.1509754968328771, 0.10008516899748353
DRS 02 - Araçatuba, 228718003.62879476, 413012.5865915411, 2020-04-03, 48.4284610695222, 81.84811737029882, 118.84066356309704, 0.5046579767715699, 0.15337372496858245
DRS 02 - Araçatuba, 6690550.034989658, 239415.01962300605, 2020-04-02, 117.15308470863638, 163.4676243058221, 189.48034656699926, 0.7916327493151387, 0.027230099321055863
DRS 02 - Araçatuba, 371303022.9266454, 563389.8205178578, 2020-03-29, 158.60663330931985, 86.32450767499236, 137.09283929125334, 0.6187989240638585, 0.013161516852773676
DRS 02 - Araçatuba, 125409350.84486048, 433541.45962403924, 2020-03-28, 155.79603858792655, 160.54426665996408, 127.42452082842188, 0.1786811775074771, 0.10319195288421705
DRS 02 - Araçatuba, 60473545.888834074, 306940.49995396263, 2020-03-30, 209.53196805035452, 226.18194719367946, 39.440062117720586, 0.297588096953898, 0.10584581647682331
DRS 02 - Araçatuba, 48810577.16395397, 447049.1581153275, 2020-04-02, 63.77489555999867, 13.317775790021885, 131.46995539780843, 0.5454678629253442, 0.19088836261021172
DRS 02 - Araçatuba, 73430744.203883, 225792.09816944523, 2020-04-03, 238.97730232804153, 76.50566359564094, 123.65825649283651, 0.8577313495265148, 0.05649753217965485
DRS 02 - Araçatuba, 1913868.9979202843, 206829.85261168377, 2020-03-30, 125.824093367737, 241.76983738554068, 113.97304996701105, 0.5086715396775326, 0.14899485461046627
DRS 02 - Araçatuba, 63064790127.265564, 588237.2114440524, 2020-04-03, 221.24941926826966, 42.53761720347686, 229.51959577492872, 0.9603210764687817, 0.08570830912136115
DRS 02 - Araçatuba, 42382924.139439054, 118558.34374425461, 2020-04-02, 198.2492729309694, 119.59448890783653, 65.54132787223813, 0.46488372783879417, 0.0402990810033946
DRS 02 - Araçatuba, 3716181.2048723325, 108082.40120875725, 2020-03-30, 210.17101446205595, 97.77814298290798, 161.18907552026465, 0.7813867183745339, 0.056548421845518546
DRS 02 - Araçatuba, 2992544785.023767, 95655.23601888967, 2020-04-01, 74.67391301877663, 206.57341948199402, 12.597204121681166, 0.9334211044145136, 0.16207741845061333
DRS 02 - Araçatuba, 313147819.12715477, 172610.26468638354, 2020-03-29, 167.55488943726309, 223.7506992420527, 221.53114079350797, 0.4896854520193511, 0.11292125891113697
DRS 02 - Araçatuba, 397621549.41377866, 569623.2736069538, 2020-03-30, 143.82743796380882, 225.33904709978142, 196.20368674407223, 0.8253829492978505, 0.03235163626817902
DRS 02 - Araçatuba, 393340797.5367264, 314354.6510226083, 2020-03-30, 240.85617052001805, 68.25425954712017, 190.94872110230747, 0.7473170089763843, 0.0654363409835072
DRS 02 - Araçatuba, 67987925936.750435, 599882.955694874, 2020-04-02, 157.31899238368408, 185.43663248293706, 161.82436783288517, 0.9876145798080685, 0.06010424618816006
DRS 02 - Araçatuba, 2660088.6176905, 284601.69534224906, 2020-03-30, 111.44546117625414, 158.23954828350034, 113.5726716094826, 0.5421021103432035, 0.10260627604146945
DRS 02 - Araçatuba, 862123031.058558, 107398.61464584051, 2020-03-29, 160.57656520827425, 209.02491633544886, 108.869052772252, 0.7620910702764712, 0.06212972883383636
DRS 02 - Araçatuba, 58216273.05567345, 116742.88403398218, 2020-03-31, 38.35149548391405, 33.8500090150004, 8.776256599231111, 0.7569299009607539, 0.024981364451924306
DRS 02 - Araçatuba, 20329638.74825326, 415943.8163321789, 2020-04-02, 0.5401371484461126, 125.99954105825876, 165.9485681304129, 0.2476278382327628, 0.05958724770943167
DRS 02 - Araçatuba, 192431477.4328094, 409842.6969588247, 2020-03-30, 213.06390299250833, 101.23280001794795, 231.93246696081908, 0.8731783718649484, 0.03232497203698253
DRS 02 - Araçatuba, 71333511.22723883, 470468.60857586813, 2020-03-29, 26.194644839811136, 103.53808121452171, 196.04624356510158, 0.8506916537025981, 0.06403448126226172
DRS 02 - Araçatuba, 1621389180.2799196, 246997.799116372, 2020-04-02, 162.66766846068253, 123.64455841082159, 188.4133213984177, 0.9349569491379597, 0.07405356561299806
DRS 02 - Araçatuba, 31146273.659566727, 326024.39066056494, 2020-04-01, 160.46854492689127, 97.61556293790338, 59.04457055865272, 0.3745492904355352, 0.09340976089050666
DRS 02 - Araçatuba, 8503603100.903561, 205113.6982485798, 2020-03-29, 67.144759033334, 179.44542351377274, 241.72322759336262, 0.9395087155247667, 0.11535579950098108
DRS 02 - Araçatuba, 238247628.94260275, 167291.27324352873, 2020-04-03, 108.5193182339987, 24.400130344596587, 39.69883891072126, 0.4279620854927917, 0.055074168218494035
DRS 02 - Araçatuba, 2497810.2787509165, 128886.81530991229, 2020-04-01, 148.08990302247454, 11.434088796412306, 103.60046914963684, 0.45773114686164584, 0.14863447071241798
DRS 02 - Araçatuba, 16327307591.723679, 435800.99973707047, 2020-03-28, 20.891356980717063, 214.8589544721029, 161.2988846851042, 0.8606036493726297, 0.16160121139610611
DRS 02 - Araçatuba, 1874889.021087437, 285268.4019804164, 2020-03-28, 118.72534791737525, 166.44726925676284, 9.68031979762296, 0.5903040471263603, 0.12164967412016355
DRS 02 - Araçatuba, 333730788.9275834, 744267.68622646, 2020-04-01, 230.27978664534456, 154.80750274441527, 218.4665700233969, 0.704784944325518, 0.15026285733432948
DRS 02 - Araçatuba, 95409672.50995646, 675380.8996437731, 2020-03-30, 15.09918298558982, 168.78531603189512, 10.150971608035631, 0.772504673621062, 0.11349727798763827
DRS 02 - Araçatuba, 336227570.6327942, 565169.2317467736, 2020-03-31, 236.37582765303665, 31.93043084275801, 184.07803282988556, 0.5465155260020611, 0.13033106384804752
DRS 02 - Araçatuba, 4789051241.547847, 277085.16090003395, 2020-04-02, 169.16441570942797, 17.472280086873376, 65.12209462213964, 0.9201290386543172, 0.09746831038547941
DRS 02 - Araçatuba, 156634708.54863545, 217614.17432812095, 2020-03-31, 112.64939421548142, 31.136747861629676, 104.88549077313425, 0.6808137809994599, 0.07025274422033047
DRS 02 - Araçatuba, 36419413.476382025, 677127.3878721234, 2020-03-29, 170.15529600215845, 14.378948296073737, 204.1512279837157, 0.2853117171789077, 0.10787289275495969
DRS 02 - Araçatuba, 302034917.0456805, 713170.447867654, 2020-03-28, 48.4284610695222, 66.81532800344084, 128.31690604546054, 0.6472764295806205, 0.1373020971588602
DRS 02 - Araçatuba, 219064571.6397681, 239415.01962300605, 2020-03-29, 169.41086481409664, 187.17703108927387, 232.56263822499537, 0.48040295246487263, 0.11697040630449437
DRS 02 - Araçatuba, 200581377.19781908, 506326.04994099564, 2020-03-30, 52.167372588429046, 3.2656657914106426, 199.29133860266234, 0.3242568343063781, 0.0992554793852741
DRS 02 - Araçatuba, 485704925.2821608, 165490.5058974788, 2020-04-02, 54.605507670545286, 160.54426665996408, 90.62954315131263, 0.8354831260582829, 0.11978336553892385
DRS 02 - Araçatuba, 599946867.5204226, 384236.9883963535, 2020-03-28, 227.16073624702653, 9.79518016177397, 200.90646096734903, 0.8007316574311337, 0.16864730899708216
DRS 02 - Araçatuba, 18567163.92889592, 248721.95811890642, 2020-04-03, 108.7814793920718, 15.314286262120683, 94.36025904729242, 0.3758702675435861, 0.0428127518761236
DRS 02 - Araçatuba, 8160748470.916122, 213094.37713110226, 2020-04-03, 99.97882963044448, 69.75391557198405, 97.76150376608716, 0.9547106107344726, 0.09421468755480944
DRS 02 - Araçatuba, 40379317.925955765, 206829.85261168377, 2020-04-01, 94.12663350240055, 248.3321897379881, 4.2493832471565405, 0.44365596761183346, 0.11729752935919742
DRS 02 - Araçatuba, 163468136442.27966, 588237.2114440524, 2020-03-30, 120.75018191923382, 67.67056530977139, 229.51959577492872, 0.9491586860135154, 0.18479144935016284
DRS 02 - Araçatuba, 362349549.30416864, 362099.8439851853, 2020-04-01, 122.20608289852377, 131.03160651849788, 204.78806723329689, 0.7453217482721511, 0.038765579785974766
DRS 02 - Araçatuba, 1182266.936598906, 727857.7688158755, 2020-03-30, 210.17101446205595, 97.77814298290798, 119.10743926904294, 0.3446983714033518, 0.056548421845518546
DRS 02 - Araçatuba, 216117127206.71127, 756635.2899333738, 2020-04-02, 163.51682437657465, 206.57341948199402, 170.76672700035883, 0.9336142101188921, 0.16207741845061333
DRS 02 - Araçatuba, 90970399.14934309, 646382.0477106882, 2020-03-29, 167.55488943726309, 127.64512214328866, 58.55644927683646, 0.3896282811231758, 0.1612744283809512
DRS 02 - Araçatuba, 9883014403.315504, 529717.6996818623, 2020-03-28, 241.28056001658396, 236.14424963485726, 235.23732298246546, 0.8253829492978505, 0.1843167664305781
DRS 02 - Araçatuba, 84915865.73293503, 336299.2530470791, 2020-03-30, 172.65836774860338, 0.34740926774859404, 237.16649166528924, 0.5394702909569218, 0.11197227211604152
DRS 02 - Araçatuba, 27975471.880320825, 216147.8732287091, 2020-04-02, 135.66739359805769, 185.43663248293706, 92.30692709150945, 0.33222833216698255, 0.033418258280394283
DRS 02 - Araçatuba, 6341833587.3810215, 284601.69534224906, 2020-03-30, 38.038959060853834, 246.93446035314344, 140.75443072074913, 0.898399964023445, 0.12570204625832332
DRS 02 - Araçatuba, 23592883583.655685, 357111.1547316149, 2020-04-01, 238.96510483861914, 184.19820111883385, 49.10497254930799, 0.9581551653047256, 0.19741236477991692
DRS 02 - Araçatuba, 257932892.87774906, 302035.0007719485, 2020-04-02, 127.63105241078333, 39.02220636711746, 126.67069816647647, 0.7667307217049558, 0.04887667208815944
DRS 02 - Araçatuba, 301868218.8225681, 628230.9915185289, 2020-04-02, 129.5540573903204, 65.188142290727, 186.71627081648282, 0.6467168226610316, 0.18673122582499174
DRS 02 - Araçatuba, 243017222.35046732, 660710.9210172911, 2020-04-03, 126.01405091128152, 164.63206186955338, 202.02754953904432, 0.5221079464229005, 0.17228761892083821
DRS 02 - Araçatuba, 264593301.85645783, 302546.6683428552, 2020-04-02, 129.87577184568207, 180.09021144806658, 127.18842633051447, 0.44625197759757695, 0.19540176074100818
DRS 02 - Araçatuba, 142667640.1798026, 592212.5939173942, 2020-04-01, 237.54966953403982, 110.88517420886257, 89.22577458273051, 0.2592553939951389, 0.04367142015792086
DRS 02 - Araçatuba, 14629571.51615578, 326024.39066056494, 2020-04-04, 234.76639780420896, 144.3543334905023, 62.0599967189569, 0.780373525333735, 0.007437001488999403
DRS 02 - Araçatuba, 3515419.6664431347, 205113.6982485798, 2020-04-01, 67.144759033334, 179.44542351377274, 241.72322759336262, 0.6186328536335984, 0.12011253348289255
DRS 02 - Araçatuba, 265055321.9061618, 491572.6432964445, 2020-04-02, 136.24278257116939, 152.7972316137031, 39.69883891072126, 0.553373881596424, 0.16577152433254888
DRS 02 - Araçatuba, 4645917752.25369, 415364.0714882758, 2020-04-01, 40.65055221371777, 11.736839944008647, 103.60046914963684, 0.8602656305523909, 0.16925564569404794
DRS 02 - Araçatuba, 132682507.36003378, 90460.6256294245, 2020-03-28, 246.77570365488768, 214.8589544721029, 115.52422572647805, 0.5794992824499718, 0.09875639600714999
DRS 02 - Araçatuba, 549550415.991896, 285268.4019804164, 2020-04-01, 136.0231805963837, 135.39307367321805, 139.98082059725502, 0.9175155632414627, 0.013048254336766204
DRS 02 - Araçatuba, 231444633.65770096, 471407.1095867228, 2020-04-01, 224.71511094127274, 33.04788431957005, 70.40661015192543, 0.3975802104141794, 0.09613029037830739
DRS 02 - Araçatuba, 316081440.7348399, 147479.82830315933, 2020-04-01, 249.48768065443025, 172.12289497035786, 185.7789470094054, 0.772504673621062, 0.1561724792635586
DRS 02 - Araçatuba, 11625732123.42635, 565169.2317467736, 2020-04-04, 7.571572675410115, 82.0231745197245, 170.58329823815768, 0.7101429890787176, 0.17714415264464586
DRS 02 - Araçatuba, 9226039332.404408, 647179.9819750034, 2020-03-31, 169.16441570942797, 77.97504180657688, 84.18828329175098, 0.1804700307648741, 0.09382893174552688
DRS 02 - Araçatuba, 937309702.803079, 166191.38046534912, 2020-03-30, 111.53637915806836, 31.136747861629676, 104.88549077313425, 0.8482428104124302, 0.16513856564170284
DRS 02 - Araçatuba, 284032244.0496356, 574912.4998984014, 2020-04-03, 244.46426367316175, 240.59809338146704, 77.6967839620476, 0.48491444731460687, 0.10008516899748353
DRS 02 - Araçatuba, 191590641.24856192, 654192.6482263488, 2020-03-30, 2.3719906024723683, 196.47178779939676, 48.48577761269228, 0.548968937757156, 0.14960720851596693
DRS 02 - Araçatuba, 14959939952.440418, 323469.9249632689, 2020-04-04, 117.15308470863638, 19.007991784124048, 115.98933116664703, 0.8510622259000404, 0.18596047954736608
DRS 02 - Araçatuba, 7752952.886876, 161592.14321804082, 2020-03-31, 78.22959256895277, 30.334993577229405, 167.52394321862545, 0.8497116652763717, 0.0992554793852741
DRS 02 - Araçatuba, 3930801.226354221, 228583.19892386894, 2020-04-02, 54.605507670545286, 186.8363977779054, 202.07813913771102, 0.7743307693272896, 0.019695541662551906
DRS 02 - Araçatuba, 33443559178.698956, 686202.1481664088, 2020-03-31, 212.42896269054907, 124.6450353681112, 200.90646096734903, 0.8986053566181528, 0.11944402221120012
DRS 02 - Araçatuba, 176045195.23636153, 679054.2398126379, 2020-04-01, 111.58105785882697, 185.31543892381606, 219.27931408279125, 0.796159562998538, 0.16339255155600027
DRS 02 - Araçatuba, 92627154177.6522, 691616.7566248482, 2020-03-30, 99.97882963044448, 127.98298293027793, 97.76150376608716, 0.9547106107344726, 0.09421468755480944
DRS 02 - Araçatuba, 325691304.4119779, 206829.85261168377, 2020-03-30, 125.824093367737, 241.76983738554068, 112.55847856841363, 0.7039794578546229, 0.09643991019648576
DRS 02 - Araçatuba, 138092725729.7811, 588237.2114440524, 2020-03-31, 59.92800199524878, 99.39125310912434, 51.746895578002125, 0.9491586860135154, 0.1548842942140857
DRS 02 - Araçatuba, 32261931.59536447, 159883.93783839396, 2020-03-29, 190.32581927189264, 123.82733017266533, 209.02648253714833, 0.6839965488954614, 0.1060261333416088
DRS 02 - Araçatuba, 12222087.392873032, 626848.1608579761, 2020-03-31, 210.17101446205595, 68.72637570771904, 236.38624963811608, 0.4702973306019076, 0.08268078157391484
DRS 02 - Araçatuba, 157470258551.24783, 642647.0774834375, 2020-04-02, 11.208436972174454, 125.9966602670565, 82.09903520668593, 0.9336142101188921, 0.16207741845061333
DRS 02 - Araçatuba, 7016728018.36384, 627649.9003248463, 2020-03-29, 63.16741255992728, 182.26881565004183, 242.76432750905664, 0.9442747142240914, 0.062359543002445034
DRS 02 - Araçatuba, 3242509.9296580465, 257041.60551625863, 2020-03-31, 172.53362180741948, 105.89939680700041, 125.77741419993738, 0.33737366744781383, 0.11510082937611361
DRS 02 - Araçatuba, 51103386890.2885, 656603.334521411, 2020-03-30, 6.643092037840984, 176.31521160298942, 146.66071149831944, 0.9529473697815379, 0.08265216373218495
DRS 02 - Araçatuba, 400919086.45644313, 408870.51551495545, 2020-03-31, 157.31899238368408, 60.71330600739329, 219.09932269858766, 0.8421584352986872, 0.10578283497303781
DRS 02 - Araçatuba, 10151090437.79261, 198614.04393711727, 2020-03-30, 118.9071130494597, 246.93446035314344, 140.75443072074913, 0.898399964023445, 0.1695448999681706
DRS 02 - Araçatuba, 84724593.71160322, 361008.48654485575, 2020-03-31, 198.8717090624941, 43.307616610088914, 49.10497254930799, 0.7391036656704879, 0.12209246840069118
DRS 02 - Araçatuba, 178185667.97117147, 606761.9999569671, 2020-03-30, 137.45403031472367, 97.12256679277846, 24.892520201863526, 0.39377351894439316, 0.10176329248020528
DRS 02 - Araçatuba, 276599868.4748205, 380925.83286418644, 2020-04-04, 0.5401371484461126, 222.46808764917003, 186.71627081648282, 0.6723504026176341, 0.13802359521042132
DRS 02 - Araçatuba, 441592692.9535352, 590211.927311812, 2020-04-03, 149.92808048953347, 114.33624314946636, 31.414741948720877, 0.8731783718649484, 0.023924232141880886
DRS 02 - Araçatuba, 120604369875.63695, 686084.7678147274, 2020-04-03, 114.91470069316217, 81.54899597705767, 230.20207626745076, 0.9738217959872679, 0.09063181677327299
DRS 02 - Araçatuba, 3904321.9070190433, 773143.4953488603, 2020-04-01, 237.54966953403982, 156.29525718328048, 92.00188205384194, 0.4455113849473109, 0.18853850557257051
DRS 02 - Araçatuba, 58853101.31427506, 326024.39066056494, 2020-04-02, 218.08722037380144, 116.75358109942601, 68.63806710021811, 0.721228745948362, 0.07222417204709193
DRS 02 - Araçatuba, 185650979.8594484, 205113.6982485798, 2020-03-31, 68.11199361471955, 16.11394086564494, 96.53310072955205, 0.8056865737740093, 0.11535579950098108
DRS 02 - Araçatuba, 169059535.4431037, 278023.74276567926, 2020-04-01, 52.73313029342698, 52.34384389658857, 163.71348182837437, 0.3266387766375887, 0.012860129599324775
DRS 02 - Araçatuba, 17648295.148849547, 111749.20652120754, 2020-03-28, 151.4873113499314, 249.54141458865092, 141.38316023128206, 0.20576167748177318, 0.10022346702638751
DRS 02 - Araçatuba, 167477382.83804587, 568654.113943965, 2020-03-30, 184.102410222419, 71.32636413676781, 135.49454442420318, 0.7369879991468065, 0.04318426306199173
DRS 02 - Araçatuba, 40055201.94096176, 721183.7039321769, 2020-04-04, 57.67494282985687, 17.605144814286223, 154.65772513391886, 0.4735880418080739, 0.12164967412016355
DRS 02 - Araçatuba, 1367763.5493432123, 278385.44697489764, 2020-03-30, 8.13409393121925, 17.465756167970262, 147.17018274062676, 0.3975802104141794, 0.09211869321269481
DRS 02 - Araçatuba, 46414431415.619026, 601652.7630784931, 2020-04-01, 65.23297806426525, 4.352591159298758, 4.292053434781728, 0.8721416861067982, 0.16202014354822866
DRS 02 - Araçatuba, 143466486.29126218, 565169.2317467736, 2020-04-02, 7.571572675410115, 156.98161685948563, 124.66367527825727, 0.3812211040049156, 0.17714415264464586
DRS 02 - Araçatuba, 60471169.98030848, 478578.8568929401, 2020-04-03, 61.670308909237825, 207.96610014457778, 243.03328778089883, 0.7093408283231918, 0.07833638222543124
DRS 02 - Araçatuba, 390124502.5377499, 166191.38046534912, 2020-03-30, 187.62146579125573, 31.136747861629676, 76.970638121626, 0.800189636533717, 0.03494432224472396
DRS 02 - Araçatuba, 4905530.378854149, 707412.797352564, 2020-04-03, 139.59601875892454, 197.878040490936, 77.6967839620476, 0.1509754968328771, 0.10008516899748353
DRS 02 - Araçatuba, 11017298.926814929, 654192.6482263488, 2020-04-01, 247.1816626134426, 79.94005088335196, 153.71145815755162, 0.6379262159616685, 0.12788677226963685
DRS 02 - Araçatuba, 41000526929.42775, 578317.3281056787, 2020-03-31, 79.64045110068967, 19.007991784124048, 123.0827857766318, 0.8510622259000404, 0.18191490559397597
DRS 02 - Araçatuba, 1162149813.4156888, 161592.14321804082, 2020-03-31, 54.704689108381274, 89.6765617418829, 167.52394321862545, 0.8794562907009537, 0.13682030473841178
DRS 02 - Araçatuba, 36041685.547628514, 304614.170694444, 2020-03-29, 54.605507670545286, 65.18363989932158, 53.098269156534144, 0.4421935364844072, 0.1555006958473423
DRS 02 - Araçatuba, 25907395.88143401, 423613.74150513066, 2020-03-31, 246.06275181913037, 179.0821015870394, 90.04972481726278, 0.30377542272769437, 0.14929458758474817
DRS 02 - Araçatuba, 990078195.5031905, 248721.95811890642, 2020-03-29, 42.54400592467852, 7.430878809687069, 95.68627616126503, 0.46152174389088085, 0.018794195488542352
DRS 02 - Araçatuba, 89261479171.02556, 691616.7566248482, 2020-04-02, 7.341072460743531, 110.01976516453213, 97.76150376608716, 0.8766828655578626, 0.17101081154487682
DRS 02 - Araçatuba, 61910647.54451555, 185462.04571523645, 2020-03-30, 202.25722911971144, 187.97198911947058, 113.97304996701105, 0.7260721432667592, 0.14899485461046627
DRS 02 - Araçatuba, 312844202.3124755, 104832.24507642923, 2020-03-31, 120.75018191923382, 45.81046454690624, 206.39624779318407, 0.521391425185206, 0.11761732603035718
DRS 02 - Araçatuba, 33709433.95422569, 551744.0762670361, 2020-03-28, 41.0369682356222, 123.82733017266533, 190.37625258466085, 0.7453217482721511, 0.16360655457213336
DRS 02 - Araçatuba, 7194946587.990483, 284971.52647184307, 2020-04-01, 186.27329338734697, 18.759071380070573, 119.10743926904294, 0.9674868328709327, 0.056548421845518546
DRS 02 - Araçatuba, 65246598.26108524, 454210.3320831524, 2020-04-02, 163.51682437657465, 206.57341948199402, 172.36448555434333, 0.22459064640981785, 0.17266751315122306
DRS 02 - Araçatuba, 190376477.87493294, 646382.0477106882, 2020-03-29, 246.53535746823488, 65.7168541769059, 155.83636806553307, 0.8402209641509836, 0.062359543002445034
DRS 02 - Araçatuba, 2980154.8888983745, 441939.86638048413, 2020-03-30, 66.42871058178062, 156.52412759864822, 97.98707338871957, 0.8665554061783374, 0.06282387057783835
DRS 02 - Araçatuba, 147372121.39591762, 546190.4501261405, 2020-03-29, 183.62004064590502, 114.26455500937074, 115.98633916085839, 0.6437793395518155, 0.1948159873521631
DRS 02 - Araçatuba, 29832189979.2103, 311228.1966256416, 2020-04-02, 100.03696076590191, 185.43663248293706, 70.04694135952006, 0.9876145798080685, 0.0913142512082998
DRS 02 - Araçatuba, 6706370.295992818, 198614.04393711727, 2020-03-29, 115.55988392232075, 246.93446035314344, 140.75443072074913, 0.898399964023445, 0.09095426847002137
DRS 02 - Araçatuba, 492741839.67917657, 357111.1547316149, 2020-04-03, 238.96510483861914, 193.33185378103113, 214.40631074218842, 0.7919799971628092, 0.1802865202601166
DRS 02 - Araçatuba, 2567228.671589881, 583178.7791082046, 2020-04-03, 106.2802207873412, 235.55442887765386, 24.892520201863526, 0.7621369699262494, 0.03909642950699072
DRS 02 - Araçatuba, 191799359.08544534, 415943.8163321789, 2020-04-02, 91.28917607262667, 33.729572341468725, 186.71627081648282, 0.858913106373052, 0.10103674490106569
DRS 02 - Araçatuba, 41290850.89606294, 660710.9210172911, 2020-04-02, 177.71013554545405, 86.68488053268894, 166.07255151726886, 0.4809173849131263, 0.12300305315174355
DRS 02 - Araçatuba, 4791127510.3069315, 571861.2122866582, 2020-04-03, 153.14714018972433, 222.723189693987, 230.20207626745076, 0.7861027377421642, 0.09063181677327299
DRS 02 - Araçatuba, 1773753.150871323, 584036.1356210068, 2020-03-28, 101.92133249253335, 110.88517420886257, 143.23567813277876, 0.5292376150584776, 0.0896063218510408
DRS 02 - Araçatuba, 440157730.6983774, 727933.7343580362, 2020-03-31, 193.0711213297859, 97.61556293790338, 205.8358709780927, 0.7330114921033795, 0.0401257234574746
DRS 02 - Araçatuba, 8028880882.866005, 205113.6982485798, 2020-04-01, 67.66151658252909, 179.44542351377274, 3.0237943792368327, 0.9395087155247667, 0.11535579950098108
DRS 02 - Araçatuba, 214476410.7261702, 654974.5572953313, 2020-04-01, 114.50071556234052, 152.7972316137031, 129.01327339134923, 0.5898758363917649, 0.10819433210906862
DRS 02 - Araçatuba, 476108829.83408713, 480838.31689080654, 2020-04-01, 217.7637220268132, 113.75679476681067, 56.16416669726084, 0.8602656305523909, 0.07124151315286067
DRS 02 - Araçatuba, 282345852.065217, 415139.0811693943, 2020-03-28, 122.8888468815785, 197.97136451155788, 168.26478756025253, 0.4937386611416916, 0.024712701976387134
DRS 02 - Araçatuba, 118904385380.2576, 573069.298068088, 2020-04-03, 19.160893447268595, 135.13247262916823, 49.90620202770232, 0.9175155632414627, 0.1734286891335357
DRS 02 - Araçatuba, 52180697046.79477, 530825.53991259, 2020-04-01, 183.2055023085484, 7.4372405815945895, 146.41668575864742, 0.8723111611101094, 0.1745673575325214
DRS 02 - Araçatuba, 3021064095.0852184, 601652.7630784931, 2020-03-30, 65.23297806426525, 150.85417011918616, 132.92881800601725, 0.8721416861067982, 0.09662084056013309
DRS 02 - Araçatuba, 118684131.14870095, 129074.76184639058, 2020-04-04, 212.07859139624952, 20.74217997359623, 233.1470695611378, 0.20837714964592616, 0.17714415264464586
DRS 02 - Araçatuba, 174485360.02017233, 277085.16090003395, 2020-04-03, 169.16441570942797, 17.472280086873376, 200.95125166663226, 0.35000372658647083, 0.09006420719249014
DRS 02 - Araçatuba, 71971295.88313884, 344985.82892878563, 2020-03-30, 111.53637915806836, 168.56361829898523, 149.104603493221, 0.8482428104124302, 0.02723969354251681
DRS 02 - Araçatuba, 80252355.66071118, 646892.4088084259, 2020-03-30, 234.4129866095979, 170.02865694414714, 189.6545054193352, 0.9280380390347174, 0.047418995196553196
DRS 02 - Araçatuba, 7057588.714183677, 229188.70191262418, 2020-03-29, 199.4483248474597, 205.4168996646201, 140.88567853390765, 0.8439348019094249, 0.14508462585717635
DRS 02 - Araçatuba, 692071929.0839134, 578317.3281056787, 2020-03-31, 66.76041093569168, 19.007991784124048, 17.876330182592714, 0.8510622259000404, 0.13193672778890495
DRS 02 - Araçatuba, 2755593.8645718284, 150469.5014965233, 2020-03-31, 88.73356127174387, 60.03737054121541, 144.85112441334053, 0.8239297315833531, 0.1149125513249191
DRS 02 - Araçatuba, 490799633.1200233, 194600.71596294688, 2020-03-29, 54.605507670545286, 218.63738997856115, 248.56196709041095, 0.9439364455588342, 0.04713483247053364
DRS 02 - Araçatuba, 48980968.34370153, 550657.959721445, 2020-03-30, 212.42896269054907, 124.6450353681112, 41.76654795932015, 0.20687459359676788, 0.03305177864985942
DRS 02 - Araçatuba, 26735126.826656368, 324830.4295638447, 2020-04-01, 244.2764397531534, 33.86917899592709, 211.03510620965693, 0.7253549598775061, 0.04353510442606143
DRS 02 - Araçatuba, 45160042.86477784, 538101.7915643768, 2020-03-30, 127.65533957130559, 244.51112744197235, 51.02549266613893, 0.5467633303386586, 0.09421468755480944
DRS 02 - Araçatuba, 24545044438.389782, 552766.4922080475, 2020-03-30, 137.06406639826102, 124.68944495888226, 113.97304996701105, 0.975019854409278, 0.047196953308021296
DRS 02 - Araçatuba, 469065831.7262729, 588237.2114440524, 2020-04-01, 96.56258340665937, 245.1565463898213, 186.14758094893133, 0.7801487476892354, 0.18027479412254618
DRS 02 - Araçatuba, 164883855.43604544, 700700.2707734241, 2020-04-03, 170.0807317051917, 64.69276015724645, 211.68477346912456, 0.7453217482721511, 0.038765579785974766
DRS 02 - Araçatuba, 1534748171.2658803, 70794.63685190311, 2020-03-29, 238.9646893760849, 18.759071380070573, 119.10743926904294, 0.9674868328709327, 0.1379851798762637
DRS 02 - Araçatuba, 63555187.70556203, 184679.62842838367, 2020-03-28, 222.54492027120432, 26.094362251908457, 170.76672700035883, 0.738146233612235, 0.16207741845061333
DRS 02 - Araçatuba, 88211456416.80016, 646382.0477106882, 2020-03-30, 196.80864156755612, 138.097480817205, 145.65585303908503, 0.9876364985782149, 0.06633141909670894
DRS 02 - Araçatuba, 52341207.79273571, 87457.87293404072, 2020-04-01, 143.87004169601198, 225.33904709978142, 134.9447490558841, 0.6153735280713761, 0.10261036634369153
DRS 02 - Araçatuba, 50171076.657349445, 641172.4283242285, 2020-04-04, 206.06491240901124, 114.26455500937074, 68.60253855645647, 0.5977438118798397, 0.08203833054005558
DRS 02 - Araçatuba, 4448842749.7074175, 551202.7236418644, 2020-04-02, 172.3911047752027, 185.43663248293706, 127.17641117668357, 0.94472879599332, 0.06010424618816006
DRS 02 - Araçatuba, 28654170.355797067, 634861.6311891038, 2020-03-30, 45.40459349362026, 163.96392498439357, 140.75443072074913, 0.5815979232256845, 0.1695448999681706
DRS 02 - Araçatuba, 2765826576.5211425, 357111.1547316149, 2020-03-30, 9.010725664223923, 121.22429690779957, 49.10497254930799, 0.9561726857512455, 0.050320042520928275
DRS 02 - Araçatuba, 404372883.1145972, 194741.30468258943, 2020-04-03, 106.2802207873412, 235.55442887765386, 24.892520201863526, 0.7621369699262494, 0.14229811480947294
DRS 02 - Araçatuba, 3426698953.841736, 102659.30366027543, 2020-04-02, 0.5401371484461126, 84.0615286719865, 179.8919768290683, 0.972349754563957, 0.13633044827478372
DRS 02 - Araçatuba, 53476339150.771904, 566288.1762346464, 2020-04-03, 177.71013554545405, 130.1625461364949, 108.88598839988595, 0.8731783718649484, 0.17228761892083821
DRS 02 - Araçatuba, 177222663147.7049, 686084.7678147274, 2020-04-03, 126.1625759229095, 78.19571643844598, 33.247697664695586, 0.9738217959872679, 0.1208224560006374
DRS 02 - Araçatuba, 8225555.816030561, 246997.799116372, 2020-04-01, 171.9022989673521, 79.90374019000518, 156.73807124699215, 0.9349569491379597, 0.041319830761635194
DRS 02 - Araçatuba, 117962043.30595209, 440607.46597064467, 2020-04-02, 74.17432185585906, 97.61556293790338, 175.4539652448937, 0.7274576520829422, 0.1702211339308984
DRS 02 - Araçatuba, 199364812.05432716, 737081.7486411599, 2020-03-29, 99.49805430961855, 179.44542351377274, 100.61292206028747, 0.8652407819787242, 0.11535579950098108
DRS 02 - Araçatuba, 48559548.621860504, 265516.8642532869, 2020-03-31, 74.58031528265107, 220.3311625010481, 239.29464128330847, 0.553373881596424, 0.08050308504325117
DRS 02 - Araçatuba, 320116111.9123986, 143083.53317934158, 2020-04-01, 135.9521281219905, 33.21743841833352, 150.48260060254506, 0.6359632135225485, 0.11113522542622004
DRS 02 - Araçatuba, 3224383.355357637, 650208.9402150194, 2020-04-03, 32.64603607992824, 214.8589544721029, 161.2988846851042, 0.653914996163298, 0.16160121139610611
DRS 02 - Araçatuba, 393215368.09408504, 501021.964878097, 2020-03-29, 21.79166993374149, 235.84723892837857, 88.17802722717917, 0.7575115755839267, 0.1734286891335357
DRS 02 - Araçatuba, 30077451266.74346, 530825.53991259, 2020-04-01, 117.63861929392263, 7.4372405815945895, 157.61029286109346, 0.8723111611101094, 0.1745673575325214
DRS 02 - Araçatuba, 2628730.091952538, 73862.51428063103, 2020-03-31, 77.5196760995904, 4.352591159298758, 4.292053434781728, 0.7944413049973997, 0.16202014354822866
DRS 02 - Araçatuba, 2373823.4469297067, 505346.80442916474, 2020-03-31, 20.785514538369853, 31.93043084275801, 184.07803282988556, 0.7101429890787176, 0.12554272043085568
DRS 02 - Araçatuba, 289266678.61502814, 546885.1917778816, 2020-03-31, 181.90438983676188, 98.46838052990505, 76.04620236747826, 0.546740009412418, 0.12529750302454848
DRS 02 - Araçatuba, 6722795.72271385, 166191.38046534912, 2020-03-30, 121.38263566990415, 31.136747861629676, 166.273221509171, 0.8482428104124302, 0.0014704321233466075
DRS 02 - Araçatuba, 77013047.83782199, 233316.50017115683, 2020-04-04, 58.774150286922904, 141.10384889468406, 77.6967839620476, 0.1509754968328771, 0.10008516899748353
DRS 02 - Araçatuba, 358369987.6458675, 767231.2019796168, 2020-03-29, 199.4483248474597, 205.4168996646201, 154.74822962247208, 0.8393078870024266, 0.14508462585717635
DRS 02 - Araçatuba, 497755217.1191376, 254071.91646101075, 2020-03-29, 12.165901776108559, 19.007991784124048, 123.0827857766318, 0.1585093009740498, 0.12809357448618774
DRS 02 - Araçatuba, 2146500.7906641606, 117377.7571981286, 2020-04-04, 137.78689659664568, 89.6765617418829, 167.52394321862545, 0.6155754178108946, 0.13682030473841178
DRS 02 - Araçatuba, 101291615.26829995, 390526.364132423, 2020-04-02, 54.605507670545286, 94.95284387241179, 132.3091286334878, 0.19865917866436805, 0.1253389980101199
DRS 02 - Araçatuba, 101109603055.30426, 550657.959721445, 2020-04-02, 151.832363417427, 5.955826064205569, 200.90646096734903, 0.9190548505905718, 0.16481852773702443
DRS 02 - Araçatuba, 2187664.5330383023, 248721.95811890642, 2020-04-03, 125.03809237938917, 197.44093605314438, 224.97806072543318, 0.6375089239851508, 0.09105499027752219
DRS 02 - Araçatuba, 3026892.8352714987, 691616.7566248482, 2020-04-03, 99.97882963044448, 36.13058707292857, 71.21176931432262, 0.892622909205729, 0.09194212025902761
DRS 02 - Araçatuba, 246171929.2610648, 285511.6003393089, 2020-03-31, 173.5866210095594, 124.68944495888226, 175.06944121915504, 0.6310380135784058, 0.0022482999423392765
DRS 02 - Araçatuba, 22364265717.424423, 208362.5339969879, 2020-03-30, 161.10924437176803, 67.67056530977139, 229.51959577492872, 0.9491586860135154, 0.18479144935016284
DRS 02 - Araçatuba, 348631517.7276267, 592991.0468031022, 2020-03-29, 247.93050349543012, 17.253959407421767, 62.30164013642993, 0.636962691526954, 0.17351845624004933
DRS 02 - Araçatuba, 4355060.133999089, 474292.12398736516, 2020-03-29, 60.88426993065241, 136.83253865813285, 217.4892025697071, 0.4219197843534692, 0.11929764064266606
DRS 02 - Araçatuba, 1220589037.9763837, 424223.28115120047, 2020-04-03, 43.18221326316358, 206.57341948199402, 167.58976745571027, 0.2700068969789463, 0.1406886262724522
DRS 02 - Araçatuba, 225647072138.33887, 646382.0477106882, 2020-04-01, 178.37680413257445, 138.097480817205, 235.73581375905172, 0.9876364985782149, 0.1492191658791001
DRS 02 - Araçatuba, 31208599427.519035, 372256.28514854296, 2020-03-28, 105.60674930720063, 183.37490876386917, 150.4219059960518, 0.9287263578820222, 0.1290890373178212
DRS 02 - Araçatuba, 168956753564.38983, 659663.3753006655, 2020-03-29, 223.92429233340536, 114.26455500937074, 68.25549792480994, 0.9529473697815379, 0.14442354034369595
DRS 02 - Araçatuba, 73909506.46663295, 514734.2402162413, 2020-04-02, 246.55297456944535, 34.300693234110625, 161.82436783288517, 0.8562992241988501, 0.04022294758344865
DRS 02 - Araçatuba, 29252081799.347805, 262863.8616695544, 2020-03-30, 132.36481834139738, 64.56977242783823, 91.77197718024263, 0.9372422560522053, 0.1769136621270521
DRS 02 - Araçatuba, 135069339.0698316, 99849.5825927504, 2020-04-01, 238.96510483861914, 126.67358619341157, 82.52890633321502, 0.5833176241606693, 0.06669604117762123
DRS 02 - Araçatuba, 940534.2089439089, 530874.6341224894, 2020-04-04, 106.2802207873412, 235.55442887765386, 68.4849713617544, 0.23467594484393275, 0.16751043142987343
DRS 02 - Araçatuba, 475826699.72379786, 557206.4573455123, 2020-04-02, 234.17642670573653, 221.8044130385887, 166.929772584192, 0.7541104243950946, 0.09563688104820718
DRS 02 - Araçatuba, 12085292.587633654, 660710.9210172911, 2020-04-03, 177.71013554545405, 114.33624314946636, 129.09721993421223, 0.700592469425286, 0.10809865820924155
DRS 02 - Araçatuba, 237892633719.9994, 686084.7678147274, 2020-04-01, 10.454132171366911, 78.19571643844598, 33.247697664695586, 0.9738217959872679, 0.15288584039430142
DRS 02 - Araçatuba, 11362165162.284134, 246997.799116372, 2020-04-01, 102.98492001804574, 183.57253064349675, 175.37685655954965, 0.9771983588821196, 0.0896063218510408
DRS 02 - Araçatuba, 3623922.8181097936, 326024.39066056494, 2020-03-29, 93.11185166759681, 97.61556293790338, 175.4539652448937, 0.9754201380532197, 0.007437001488999403
DRS 02 - Araçatuba, 428972806.16030407, 330780.4261218755, 2020-03-29, 24.09730444260949, 63.981705548976194, 38.18812459778235, 0.949944584874718, 0.01602235275925711
DRS 02 - Araçatuba, 299182532.44085383, 614508.5645806474, 2020-03-29, 147.62032280304845, 152.7972316137031, 39.69883891072126, 0.553373881596424, 0.027542597010217926
DRS 02 - Araçatuba, 13661486.138463339, 415364.0714882758, 2020-04-04, 40.65055221371777, 34.05627136560738, 98.61739240073148, 0.16349714717729594, 0.16925564569404794
DRS 02 - Araçatuba, 13972166.977255449, 280506.0603729913, 2020-04-02, 65.11718587017378, 170.23403386124608, 31.08531831862231, 0.9163611058446035, 0.02909966177828745
DRS 02 - Araçatuba, 28839632208.35783, 316718.50541848625, 2020-04-01, 19.160893447268595, 221.7413501768241, 49.90620202770232, 0.9175155632414627, 0.15565568307987232
DRS 02 - Araçatuba, 78986093845.55458, 530825.53991259, 2020-04-01, 167.8458792366344, 7.4372405815945895, 85.8307914646872, 0.8723111611101094, 0.19868605648355928
DRS 02 - Araçatuba, 19774955611.974266, 601652.7630784931, 2020-03-30, 90.00513832686504, 173.52898430510146, 4.292053434781728, 0.8721416861067982, 0.15143577855267676
DRS 02 - Araçatuba, 89953456.17214605, 291161.47805433033, 2020-04-03, 241.86009027763183, 245.62486359635437, 143.34705493506345, 0.48500958701234453, 0.18087064290220162
DRS 02 - Araçatuba, 14006750988.3195, 289576.9400851757, 2020-03-29, 216.8122881706081, 58.60567666767939, 65.12209462213964, 0.9788090737076186, 0.12471004672073278
DRS 02 - Araçatuba, 4440286360.436644, 160807.82513729282, 2020-04-04, 196.2108524007733, 228.74823480899332, 199.60547623962134, 0.8482428104124302, 0.19998256243514567
DRS 02 - Araçatuba, 72712139.29078318, 138039.58227075814, 2020-03-28, 110.66193802286314, 141.10384889468406, 77.6967839620476, 0.1509754968328771, 0.10008516899748353
DRS 02 - Araçatuba, 250830936.63721186, 229188.70191262418, 2020-03-29, 199.4483248474597, 4.4631524460486975, 140.88567853390765, 0.47631701357129397, 0.14508462585717635
DRS 02 - Araçatuba, 54721496171.301315, 578317.3281056787, 2020-03-31, 194.20905831581783, 92.30640530928552, 11.204405073514227, 0.8510622259000404, 0.19056858526411383
DRS 02 - Araçatuba, 13165986911.900728, 157704.99991912674, 2020-03-30, 54.704689108381274, 189.37479262022674, 167.52394321862545, 0.9631945955926229, 0.17981086299903737
DRS 02 - Araçatuba, 77398718.75504106, 731812.9784031077, 2020-04-02, 189.30649144146827, 160.54426665996408, 41.37803969581432, 0.4198655360198752, 0.1773235029128208
DRS 02 - Araçatuba, 70861703.510629, 550657.959721445, 2020-04-04, 166.74975551221394, 5.955826064205569, 186.72676829637703, 0.8321088269789997, 0.030526947267874215
DRS 02 - Araçatuba, 765728.7270977767, 248721.95811890642, 2020-04-03, 110.15050800465953, 197.44093605314438, 141.40482842628833, 0.20689178621545734, 0.09105499027752219
DRS 02 - Araçatuba, 64375452.7105963, 203274.73589866445, 2020-04-03, 66.19985440958628, 56.0052040271897, 231.4945907920788, 0.7555020024278059, 0.1935391761407348
DRS 02 - Araçatuba, 41372996800.67755, 384289.9228150222, 2020-03-30, 13.596972161911511, 97.56457459814663, 22.230988110245132, 0.975019854409278, 0.10174972333057793
DRS 02 - Araçatuba, 75585740.3806018, 317915.6391326654, 2020-03-30, 85.18620719439363, 67.67056530977139, 229.51959577492872, 0.8911104344640954, 0.06474326001134839
DRS 02 - Araçatuba, 371917105.35917723, 619263.4004783379, 2020-04-04, 222.53706019390543, 39.740941714105944, 65.5669168232696, 0.8189230497546888, 0.038765579785974766
DRS 02 - Araçatuba, 48780850.35483643, 284971.52647184307, 2020-03-31, 186.27329338734697, 18.759071380070573, 89.89805001011095, 0.5725304923875348, 0.056548421845518546
DRS 02 - Araçatuba, 59015947.73913067, 110681.50999993003, 2020-04-02, 163.51682437657465, 206.57341948199402, 126.0090517648558, 0.7816350875539573, 0.11480955765688915
DRS 02 - Araçatuba, 30413492844.903126, 259587.25647236488, 2020-03-31, 80.86767257741478, 7.860935912662581, 235.73581375905172, 0.9660860864532271, 0.1492191658791001
DRS 02 - Araçatuba, 40927447.11176029, 623903.6502798813, 2020-03-28, 161.35456521527252, 183.37490876386917, 150.4219059960518, 0.19545862299113526, 0.13800030275335484
DRS 02 - Araçatuba, 3301621.2998057585, 68700.8168257997, 2020-04-03, 223.92429233340536, 181.06764610610045, 165.0569838387736, 0.9398245705366081, 0.03360580405194019
DRS 02 - Araçatuba, 10027957901.311808, 445323.1738433241, 2020-04-01, 178.2842446203859, 238.88101324148113, 161.82436783288517, 0.95364347768458, 0.06010424618816006
DRS 02 - Araçatuba, 65381616922.735954, 338012.88714840554, 2020-03-30, 171.1411800059298, 234.5705994730823, 180.2427551051879, 0.9820141315178115, 0.1769136621270521
DRS 02 - Araçatuba, 1026150.2758293562, 357111.1547316149, 2020-04-01, 238.96510483861914, 229.76887682408798, 225.7081809384116, 0.24894446358546532, 0.06003314249197057
DRS 02 - Araçatuba, 133252150849.33107, 530874.6341224894, 2020-03-31, 106.2802207873412, 235.55442887765386, 198.0180439143344, 0.9824599637500039, 0.1362632002111607
DRS 02 - Araçatuba, 1485645103.626305, 102659.30366027543, 2020-04-02, 0.5401371484461126, 93.07715437802725, 179.8919768290683, 0.8763795757285558, 0.17172733241793178
DRS 02 - Araçatuba, 233353358436.36823, 660710.9210172911, 2020-03-30, 58.60691444258862, 63.41255868670315, 146.433531959629, 0.9617497409014778, 0.17228761892083821
DRS 02 - Araçatuba, 162343655434.48285, 570928.5262148828, 2020-04-01, 10.454132171366911, 154.446563679706, 74.17498997765702, 0.9738217959872679, 0.15326780260872538
DRS 02 - Araçatuba, 20007387299.921192, 246997.799116372, 2020-03-29, 99.86181228130187, 183.57253064349675, 175.37685655954965, 0.9771983588821196, 0.11964347906602284
DRS 02 - Araçatuba, 372301924.13643956, 283722.6391972733, 2020-04-03, 77.35297534829564, 80.344755774331, 186.7792712287571, 0.781478329872836, 0.11323043245518472
DRS 02 - Araçatuba, 20940524059.14529, 643406.0719478752, 2020-03-28, 67.144759033334, 179.44542351377274, 35.87750836522324, 0.8975914891103249, 0.11535579950098108
DRS 02 - Araçatuba, 70330173.29751526, 287789.2418672516, 2020-03-28, 147.62032280304845, 152.7972316137031, 194.90559994024872, 0.700455532253492, 0.08370303072764791
DRS 02 - Araçatuba, 128693012.37040685, 415364.0714882758, 2020-03-29, 40.65055221371777, 203.8411033288652, 189.6288151057401, 0.5778675592042222, 0.08806087767158471
DRS 02 - Araçatuba, 39811014372.57942, 435800.99973707047, 2020-03-30, 105.88447426029468, 96.89893389669334, 161.596161469152, 0.8606036493726297, 0.19409350173845813
DRS 02 - Araçatuba, 4415500861.395186, 573069.298068088, 2020-03-29, 76.97903984107037, 79.42871789452803, 49.90620202770232, 0.7960152844247499, 0.1734286891335357
DRS 02 - Araçatuba, 42589911.464043766, 249621.39526709204, 2020-04-02, 167.8458792366344, 180.34650301935778, 3.132737279096624, 0.5470503449635601, 0.03715690092281243
DRS 02 - Araçatuba, 120966593073.43568, 718116.7559357487, 2020-04-01, 179.09986769900152, 27.72319581424912, 4.292053434781728, 0.9110156739430101, 0.16202014354822866
DRS 02 - Araçatuba, 21377438335.135242, 505346.80442916474, 2020-03-30, 113.46906990894325, 160.27648481596688, 184.07803282988556, 0.9179828002526308, 0.10618701585877088
DRS 02 - Araçatuba, 92305239607.58621, 501565.3398359279, 2020-03-29, 177.60041173906245, 58.60567666767939, 65.12209462213964, 0.8977910548109147, 0.19448174791271877
DRS 02 - Araçatuba, 11017106965.156408, 364379.65632521606, 2020-04-02, 116.51266529610416, 228.74823480899332, 103.94280101127487, 0.9274771806429575, 0.09428511873498036
DRS 02 - Araçatuba, 121044046455.74779, 646892.4088084259, 2020-03-28, 120.30335825240901, 36.65566849194249, 211.4538065390105, 0.91687638299014, 0.15581878029810242
DRS 02 - Araçatuba, 368874586.94609, 647070.0543914586, 2020-04-03, 199.4483248474597, 8.867886586687582, 174.17736833693917, 0.8439348019094249, 0.14508462585717635
DRS 02 - Araçatuba, 69778376.04010643, 391891.75919305556, 2020-03-31, 210.43402785482877, 92.30640530928552, 11.204405073514227, 0.37483782370935725, 0.18899486321686038
DRS 02 - Araçatuba, 135250852.51429942, 39615.35491779021, 2020-03-30, 7.151454584825384, 189.37479262022674, 167.12433538288738, 0.8840700563593004, 0.17981086299903737
DRS 02 - Araçatuba, 1593305159.5623395, 559812.57748061, 2020-03-30, 7.590967976230628, 101.11814636670327, 111.06966035398996, 0.1786811775074771, 0.09172028977371928
DRS 02 - Araçatuba, 148058994972.40402, 714554.795935534, 2020-03-30, 154.66812296421605, 104.10604544823919, 137.5093437108953, 0.9362222692246789, 0.1365532389861843
DRS 02 - Araçatuba, 26242319.68142593, 232996.2485195836, 2020-04-02, 110.15050800465953, 147.1547435109394, 88.03157489374699, 0.31252098326320427, 0.08124866961110533
DRS 02 - Araçatuba, 483162666.60030246, 691616.7566248482, 2020-03-28, 81.03738476600182, 151.8808136149113, 93.34080018157756, 0.874309448510524, 0.09421468755480944
DRS 02 - Araçatuba, 61101021.259282954, 183140.3637914642, 2020-04-04, 140.04753280103856, 42.102578859755205, 101.80750990947092, 0.7254209414741184, 0.0024196168853338894
DRS 02 - Araçatuba, 175884701052.4021, 740344.0256812574, 2020-04-01, 120.75018191923382, 67.67056530977139, 229.51959577492872, 0.9575835535779416, 0.12296641859013244
DRS 02 - Araçatuba, 12701123659.36911, 188966.91502846283, 2020-03-29, 114.71863433977363, 225.74145931007033, 204.78806723329689, 0.9318812960919084, 0.16119023371972252
DRS 02 - Araçatuba, 31449453393.036247, 761096.5277083558, 2020-04-02, 186.27329338734697, 18.759071380070573, 170.54348588022444, 0.8292995363932034, 0.18966340368646556
DRS 02 - Araçatuba, 12025614602.401133, 566559.5732937392, 2020-04-02, 214.66249196055182, 188.45234400475414, 89.65976784186827, 0.9393955743724844, 0.07039915274151205
DRS 02 - Araçatuba, 228137459871.7044, 646382.0477106882, 2020-04-01, 178.37680413257445, 114.21057432273892, 98.05782905193301, 0.9876364985782149, 0.1492191658791001
DRS 02 - Araçatuba, 11574763381.439108, 399628.776142807, 2020-04-01, 123.25149604549861, 183.37490876386917, 57.91954125894914, 0.9542056858290598, 0.06476189030031809
DRS 02 - Araçatuba, 73583201.05464609, 652581.1538867357, 2020-04-04, 223.92429233340536, 178.94666420246332, 97.25638993159905, 0.8797632029197716, 0.07396479720894064
DRS 02 - Araçatuba, 70456070.54355603, 564208.7936668169, 2020-04-02, 157.31899238368408, 79.42293821331553, 161.82436783288517, 0.8207003024508962, 0.06010424618816006
DRS 02 - Araçatuba, 225593824913.21695, 674804.064007122, 2020-03-31, 75.09800177355241, 41.296449879067524, 180.2427551051879, 0.9385978593294424, 0.1856414532135519
DRS 02 - Araçatuba, 441448916.54637885, 461285.78513310786, 2020-04-01, 155.89860824395757, 29.90328110458425, 14.633541673347537, 0.8403662081627746, 0.0012235345715107533
DRS 02 - Araçatuba, 117647756579.83119, 527730.3112586514, 2020-03-31, 106.2802207873412, 40.546194917340586, 111.95614024252168, 0.9824599637500039, 0.12377596872033766
DRS 02 - Araçatuba, 3234030.1493292553, 315512.9443680363, 2020-04-01, 174.92338581333823, 84.0615286719865, 226.17946609100443, 0.9462411572646029, 0.025996810458434317
DRS 02 - Araçatuba, 58747759260.735825, 426625.91779821005, 2020-04-02, 58.60691444258862, 97.39769320800275, 100.21727990277621, 0.9617497409014778, 0.13993785306359607
DRS 02 - Araçatuba, 998683639.2865387, 548450.8153495926, 2020-04-01, 185.82770398310436, 78.19571643844598, 137.64759356603562, 0.903781594303744, 0.05538111535581877
DRS 02 - Araçatuba, 5627941138.234249, 246997.799116372, 2020-03-29, 99.86181228130187, 46.12998400982812, 91.53829958779754, 0.4600139086158791, 0.15926190614798133
DRS 02 - Araçatuba, 55667943.032121494, 68932.15631727118, 2020-03-28, 93.11185166759681, 243.97489521218816, 128.9945023350932, 0.9754201380532197, 0.1210857959281606
DRS 02 - Araçatuba, 101302770930.46553, 643406.0719478752, 2020-03-29, 54.95293842942547, 159.1735963718336, 131.45090753870554, 0.9461790385069667, 0.11535579950098108
DRS 02 - Araçatuba, 104820828689.98672, 491572.6432964445, 2020-03-30, 147.62032280304845, 152.7972316137031, 39.69883891072126, 0.9479052641318578, 0.16106614538474315
DRS 02 - Araçatuba, 67467973.80755717, 415364.0714882758, 2020-03-30, 163.84882645811373, 11.736839944008647, 200.60953048815935, 0.7864455804255284, 0.06019728289374397
DRS 02 - Araçatuba, 1509790.2375173215, 435800.99973707047, 2020-04-02, 133.41797773381165, 230.5182619896379, 118.06328118086081, 0.21429815055403162, 0.055478716755431465
DRS 02 - Araçatuba, 76422753838.52145, 546448.9310319318, 2020-04-02, 19.160893447268595, 86.46478380048953, 141.57158594204108, 0.8852520555669454, 0.19045501541685309
DRS 02 - Araçatuba, 36226692636.836754, 502728.18022627506, 2020-03-31, 109.08769340388608, 75.80532963886624, 246.60281800888623, 0.8723111611101094, 0.1751604989205294
DRS 02 - Araçatuba, 36795666492.83925, 718116.7559357487, 2020-04-01, 163.58214937145164, 221.07580431226253, 114.81836415936924, 0.8560597730039252, 0.16202014354822866
DRS 02 - Araçatuba, 48300081333.12752, 629405.9347041041, 2020-03-31, 113.46906990894325, 216.99963296190793, 171.33935036905794, 0.9179828002526308, 0.11292780804530554
DRS 02 - Araçatuba, 60497684491.13165, 406717.646106647, 2020-03-31, 109.44995167311659, 215.4098470104523, 227.43025049304632, 0.8977910548109147, 0.19448174791271877
DRS 02 - Araçatuba, 13745925389.818031, 454232.5800946197, 2020-03-31, 85.77623530966922, 237.84696068325403, 134.06655155848227, 0.9245217381838738, 0.09428511873498036
DRS 02 - Araçatuba, 114086228.06406648, 623027.1129022617, 2020-04-04, 37.21073716398815, 215.46089511285908, 78.08740789464696, 0.49168714024609783, 0.07108425913966374
DRS 02 - Araçatuba, 7798328.009249189, 152484.92347448503, 2020-04-03, 245.40114776217337, 248.5395716304037, 175.5634983331084, 0.8439348019094249, 0.13698628360676088
DRS 02 - Araçatuba, 176310194055.26434, 644095.6482714808, 2020-04-01, 135.51887926422467, 92.30640530928552, 45.59055732066004, 0.9565842719443755, 0.19056858526411383
DRS 02 - Araçatuba, 8260769463.303354, 130371.01107378835, 2020-04-02, 140.67512380791857, 114.35807547914881, 59.30857568694594, 0.9495384627981379, 0.17996977424166263
DRS 02 - Araçatuba, 14688889.258837815, 559812.57748061, 2020-04-02, 199.26618806538525, 160.54426665996408, 42.58039325801705, 0.1786811775074771, 0.1024535844684084
DRS 02 - Araçatuba, 50875967.70231551, 367819.0080286221, 2020-04-03, 138.62554469005198, 29.675803169821705, 137.5093437108953, 0.9362222692246789, 0.04193671266981455
DRS 02 - Araçatuba, 822498.0151647767, 404635.84277272236, 2020-04-03, 129.19224766324808, 73.50162310080174, 127.38156102549209, 0.20689178621545734, 0.0476286664396266
DRS 02 - Araçatuba, 43602801.984616324, 691616.7566248482, 2020-04-03, 99.97882963044448, 117.67034784970673, 97.28228895719265, 0.20973867076315794, 0.09421468755480944
DRS 02 - Araçatuba, 50316166.69324563, 190989.16560472216, 2020-03-29, 170.24248423429856, 138.5638259902819, 155.6689124608697, 0.587624366257952, 0.1940731047106425
DRS 02 - Araçatuba, 4455255924.100314, 174437.6793071992, 2020-04-03, 120.75018191923382, 58.15003945085698, 186.52784410692357, 0.9575835535779416, 0.09393630084200062
DRS 02 - Araçatuba, 577789486.457709, 550631.047633282, 2020-04-03, 92.9813891618779, 198.46757210046314, 68.73991741362883, 0.16018960141741168, 0.16119023371972252
DRS 02 - Araçatuba, 71158402.89681597, 761096.5277083558, 2020-04-02, 186.27329338734697, 104.50476131114509, 33.0179726935649, 0.8784566913917281, 0.06635826610756743
DRS 02 - Araçatuba, 4736823126.4116125, 577987.0930969511, 2020-04-02, 202.51671776788248, 24.90939904264056, 137.76645110684285, 0.9336142101188921, 0.07321480139924616
DRS 02 - Araçatuba, 51073508.87667277, 161338.99640582397, 2020-04-01, 108.90270229491101, 149.90504928592912, 95.11363803796627, 0.9158760329359772, 0.08981043545013924
DRS 02 - Araçatuba, 84126208341.68674, 617652.5218319079, 2020-03-31, 105.60674930720063, 183.37490876386917, 177.93794139115874, 0.9287263578820222, 0.1290890373178212
DRS 02 - Araçatuba, 30259879.38111847, 764801.640892655, 2020-04-01, 131.47760097540132, 114.26455500937074, 219.5927109966847, 0.41286232383828936, 0.13612406348071449
DRS 02 - Araçatuba, 194128835.11118355, 630810.4860975877, 2020-04-02, 157.31899238368408, 122.94727492676193, 161.82436783288517, 0.46365962003582817, 0.06010424618816006
DRS 02 - Araçatuba, 185648027109.42325, 674804.064007122, 2020-03-30, 75.09800177355241, 41.296449879067524, 50.91499043185011, 0.9167053559650818, 0.1855586500681492
DRS 02 - Araçatuba, 81487074.19176093, 357111.1547316149, 2020-04-01, 205.25421449698862, 184.19820111883385, 216.92386742294622, 0.834126060549302, 0.15125652346155558
DRS 02 - Araçatuba, 72649121.44694166, 595124.3130764583, 2020-04-01, 106.2802207873412, 187.23175241722808, 36.72775772007788, 0.16193982425884199, 0.1362632002111607
DRS 02 - Araçatuba, 73121696646.68024, 472603.8119314672, 2020-04-01, 157.6479977592532, 113.33078711620163, 113.55030236278316, 0.972349754563957, 0.11160985935820633
DRS 02 - Araçatuba, 192420197540.71188, 660710.9210172911, 2020-04-01, 48.078956979764506, 115.3339986030872, 202.42905302918973, 0.9617497409014778, 0.17014749086427775
DRS 02 - Araçatuba, 115436221309.68143, 541536.4521726744, 2020-04-01, 217.09452940442532, 206.10231019447545, 156.57341165958675, 0.9738217959872679, 0.15532632262880117
DRS 02 - Araçatuba, 212352743913.94174, 683987.6700020876, 2020-03-30, 70.78180746793502, 183.57253064349675, 35.496983487410844, 0.939621667486848, 0.17633172430597083
DRS 02 - Araçatuba, 112437557588.64607, 652915.1749485501, 2020-04-02, 117.47272408405297, 243.97489521218816, 128.9945023350932, 0.9175478139191001, 0.14971330059121477
DRS 02 - Araçatuba, 2150042.7665341496, 285801.17459484556, 2020-03-29, 47.05205368738225, 159.1735963718336, 131.45090753870554, 0.6190001516705363, 0.11535579950098108
DRS 02 - Araçatuba, 251150948696.83063, 741242.0802943768, 2020-03-30, 147.62032280304845, 76.97320651734539, 116.13849196279949, 0.9423472218981085, 0.1722247918613154
DRS 02 - Araçatuba, 500839583.04396266, 540007.0697599178, 2020-03-30, 40.65055221371777, 53.50986235865915, 59.67126730907541, 0.8908027372001749, 0.07226863281957992
DRS 02 - Araçatuba, 412431791.0751417, 435800.99973707047, 2020-03-31, 130.80443040702696, 96.89893389669334, 44.542765870409134, 0.8606036493726297, 0.10116789238528548
DRS 02 - Araçatuba, 151162983746.9554, 573069.298068088, 2020-03-30, 19.160893447268595, 22.347370270052675, 246.37730546132548, 0.9419854623635613, 0.17365248230589467
DRS 02 - Araçatuba, 26724885652.234356, 335871.83319691324, 2020-04-01, 167.8458792366344, 7.4372405815945895, 236.0437545575065, 0.9428973453263214, 0.11770905501669779
DRS 02 - Araçatuba, 80578794567.166, 382156.51700599823, 2020-04-03, 34.033521768543686, 218.63385216341064, 4.292053434781728, 0.9802605488180849, 0.15904481104794316
DRS 02 - Araçatuba, 214379185106.25955, 737128.2063895925, 2020-03-31, 113.46906990894325, 216.99963296190793, 35.34936837613296, 0.9179828002526308, 0.18143680340653634
DRS 02 - Araçatuba, 91847224.82435115, 501565.3398359279, 2020-03-29, 177.60041173906245, 58.60567666767939, 132.96703974300152, 0.18741816383269733, 0.05113779698519274
DRS 02 - Araçatuba, 89565015983.10625, 454232.5800946197, 2020-04-03, 85.77623530966922, 163.95277699666232, 134.06655155848227, 0.9231885966452567, 0.1860245547567971
DRS 02 - Araçatuba, 503085789.3690213, 309281.8298959288, 2020-03-31, 120.30335825240901, 82.62128760107653, 211.4538065390105, 0.8390570055728012, 0.15581878029810242
DRS 02 - Araçatuba, 186847890230.99005, 648454.2358496955, 2020-04-02, 203.94857866689523, 205.4168996646201, 140.88567853390765, 0.9755137897591613, 0.1364574133011987
DRS 02 - Araçatuba, 94116646982.37048, 601895.2619665675, 2020-04-02, 118.17686453691923, 92.30640530928552, 45.59055732066004, 0.8796294171009937, 0.19056858526411383
DRS 02 - Araçatuba, 8235534486.89992, 157704.99991912674, 2020-03-30, 77.65716400140613, 87.50132959961546, 232.68957780754718, 0.9279914044698958, 0.16082163866416646
DRS 02 - Araçatuba, 579341.8357746186, 559812.57748061, 2020-03-30, 54.605507670545286, 160.54426665996408, 221.41515415598775, 0.15271471411920998, 0.11978336553892385
DRS 02 - Araçatuba, 12710439593.560486, 539498.7712494767, 2020-03-30, 154.66812296421605, 206.6702000216029, 148.1505553471263, 0.9751916769521315, 0.036409394775991685
DRS 02 - Araçatuba, 1441105.7732690284, 248721.95811890642, 2020-03-29, 124.72787565787311, 197.44093605314438, 141.40482842628833, 0.3475764321381951, 0.056565105945682106
DRS 02 - Araçatuba, 112385108300.91962, 691616.7566248482, 2020-03-31, 24.11268391312249, 223.84246849332078, 148.5599948680939, 0.9547106107344726, 0.10446435310458084
DRS 02 - Araçatuba, 20942108104.33023, 384289.9228150222, 2020-03-30, 218.10386601093214, 187.13933948226713, 12.331317990636997, 0.975019854409278, 0.061771057981219825
DRS 02 - Araçatuba, 1607601.2153024937, 126353.37228435595, 2020-04-01, 249.15414687561818, 238.7752752384021, 229.51959577492872, 0.33362322406594513, 0.17087057274596051
DRS 02 - Araçatuba, 781912.3227833174, 188966.91502846283, 2020-04-01, 184.609986352681, 35.71377914645399, 204.78806723329689, 0.1511812035407344, 0.17916041264513363
DRS 02 - Araçatuba, 12665760.125827681, 723529.5161391445, 2020-03-30, 189.78360468704295, 43.25855194442033, 238.34643732699718, 0.9297710761845769, 0.0318269771810841
DRS 02 - Araçatuba, 63175470904.493576, 756635.2899333738, 2020-04-02, 123.56003069775761, 110.5165274858879, 224.30172260330332, 0.8689217653268427, 0.15895061096976762
DRS 02 - Araçatuba, 1297998439.6153772, 422334.90526254935, 2020-04-01, 90.39759539224244, 184.19750001920397, 155.157775092555, 0.1821078803597748, 0.1492191658791001
DRS 02 - Araçatuba, 16460379238.108385, 271481.33728224185, 2020-04-01, 97.12469438202368, 57.61789319590077, 181.55102061939678, 0.9287263578820222, 0.1290890373178212
DRS 02 - Araçatuba, 70807844.11023784, 698655.7217061264, 2020-03-29, 230.82809015702037, 114.26455500937074, 84.88895804372129, 0.8992939204742103, 0.08170646242753782
DRS 02 - Araçatuba, 76562320.95982681, 606611.4205459689, 2020-04-02, 157.31899238368408, 147.25938384562065, 166.63160044303999, 0.8942505788028531, 0.06010424618816006
DRS 02 - Araçatuba, 360913632.6104973, 674804.064007122, 2020-04-01, 115.5384088076073, 152.71952292243319, 161.9688475943213, 0.5856935679932119, 0.1856414532135519
DRS 02 - Araçatuba, 240451321285.2853, 622282.5747952077, 2020-04-02, 238.96510483861914, 241.36750176982872, 87.78633730833859, 0.9581551653047256, 0.19741236477991692
DRS 02 - Araçatuba, 3146897500.3061433, 98482.13520697576, 2020-04-01, 149.7565568427394, 235.55442887765386, 54.224860809988904, 0.9546254665688257, 0.14023592597888193
DRS 02 - Araçatuba, 122612071041.47482, 472603.8119314672, 2020-03-30, 157.6479977592532, 197.18588613677665, 113.55030236278316, 0.972349754563957, 0.1659713994412985
DRS 02 - Araçatuba, 65061707496.71919, 556867.5632713544, 2020-03-30, 58.60691444258862, 136.63830255999238, 96.14381906662564, 0.9036158238695762, 0.15046580432886547
DRS 02 - Araçatuba, 3324478.016880956, 54765.84500497429, 2020-04-01, 88.74818515036479, 102.4438921382359, 33.247697664695586, 0.8787810812656169, 0.15288584039430142
DRS 02 - Araçatuba, 227184327396.4254, 707590.5694907687, 2020-03-30, 24.175489255914005, 48.55431110281563, 35.496983487410844, 0.939621667486848, 0.17633172430597083
DRS 02 - Araçatuba, 1737746862.1313992, 92747.64930513606, 2020-04-02, 54.63274803672568, 243.97489521218816, 128.9945023350932, 0.9175478139191001, 0.14971330059121477
DRS 02 - Araçatuba, 12538379781.594381, 764065.6535161542, 2020-03-29, 66.76801071332531, 160.631008502238, 108.13867256954184, 0.9461790385069667, 0.07652228123418041
DRS 02 - Araçatuba, 15343886979.179258, 194861.75741673663, 2020-03-30, 111.94812293469734, 76.97320651734539, 116.13849196279949, 0.9325384658057488, 0.1722247918613154
DRS 02 - Araçatuba, 3439872405.3217826, 129636.06710097603, 2020-04-03, 218.32594491831847, 11.736839944008647, 103.60046914963684, 0.8911673322111657, 0.16925564569404794
DRS 02 - Araçatuba, 4149259.083329433, 435800.99973707047, 2020-04-01, 15.24104340210966, 96.89893389669334, 161.596161469152, 0.20959927653128646, 0.08493563151688667
DRS 02 - Araçatuba, 87448422031.85503, 573069.298068088, 2020-04-02, 148.63779233462742, 242.01900424078573, 246.37730546132548, 0.9599869467721802, 0.10702997127710163
DRS 02 - Araçatuba, 125734778427.39258, 521287.02359893057, 2020-03-31, 192.59906824140256, 225.0795003494901, 42.781839150680455, 0.9444671200884666, 0.17180007658851576
DRS 02 - Araçatuba, 121760171221.63757, 718116.7559357487, 2020-04-01, 108.40983772903766, 144.05041467641593, 13.074321693921476, 0.984161506736502, 0.07549099970596732
DRS 02 - Araçatuba, 188041188954.87064, 737128.2063895925, 2020-04-01, 177.3296166028907, 234.8940280424458, 35.34936837613296, 0.9179828002526308, 0.16955006570999173
DRS 02 - Araçatuba, 221563124743.28687, 744210.8613541444, 2020-03-30, 12.772555781947851, 58.60567666767939, 248.02616516000816, 0.922871728589646, 0.1776363352436194
DRS 02 - Araçatuba, 200207396232.03754, 703734.0861612561, 2020-03-30, 173.0709705358924, 144.93692205405466, 73.27719007278205, 0.9451127285872801, 0.15652928496625151
DRS 02 - Araçatuba, 268901222450.61572, 740289.9822420968, 2020-03-29, 164.78234988740624, 34.77773594569139, 112.90665003668815, 0.9492175571391931, 0.1753516002622141
DRS 02 - Araçatuba, 228264107898.7697, 653163.162811426, 2020-03-30, 203.94857866689523, 205.4168996646201, 51.405354260525684, 0.9755137897591613, 0.16376318965666758
DRS 02 - Araçatuba, 61055702592.778946, 323699.09635554516, 2020-04-01, 193.8108553398999, 107.98695966473323, 166.30956374572543, 0.9565842719443755, 0.19056858526411383
DRS 02 - Araçatuba, 14369882382.381544, 540135.398189813, 2020-03-31, 146.69949226565245, 143.91618063419725, 186.8967338781416, 0.9186942197995961, 0.09438472789318493
DRS 02 - Araçatuba, 482018763.2295626, 395350.247339002, 2020-03-30, 176.8180830261496, 160.54426665996408, 221.41515415598775, 0.8714100272649357, 0.058873584379732065
DRS 02 - Araçatuba, 34621126889.41799, 714554.795935534, 2020-04-02, 127.38044160583351, 204.86079497484513, 137.5093437108953, 0.8844276160759856, 0.1365532389861843
DRS 02 - Araçatuba, 49347386.16705358, 463184.4962056055, 2020-03-29, 110.15050800465953, 197.44093605314438, 13.193477027287564, 0.20689178621545734, 0.15490791853132155
DRS 02 - Araçatuba, 147722057684.56085, 669469.9377746651, 2020-04-01, 234.05148734047438, 223.84246849332078, 148.5599948680939, 0.9547106107344726, 0.1379589463030254
DRS 02 - Araçatuba, 169952110492.02945, 761240.2223779288, 2020-03-30, 21.624878583203067, 31.369162539664362, 22.230988110245132, 0.975019854409278, 0.10174972333057793
DRS 02 - Araçatuba, 236642442749.85474, 760097.6664054516, 2020-03-31, 44.61154118011254, 62.50931374545268, 203.51600357130803, 0.9447509690527328, 0.15795697541083079
DRS 02 - Araçatuba, 223716878370.61227, 655360.3758453649, 2020-03-29, 114.71863433977363, 100.12104992917762, 204.78806723329689, 0.9728871137292213, 0.157726502122165
DRS 02 - Araçatuba, 295492250018.7837, 761096.5277083558, 2020-03-29, 147.11579444563768, 80.58058431457833, 201.5888944207911, 0.9778783338928329, 0.15001428720925805
DRS 02 - Araçatuba, 89421082869.98311, 588339.3172180213, 2020-04-02, 163.51682437657465, 228.638659445224, 158.131052953055, 0.9336142101188921, 0.1313742915675945
DRS 02 - Araçatuba, 200540113055.4082, 646382.0477106882, 2020-04-01, 175.94608431148419, 94.17751724024345, 98.05782905193301, 0.9711299353316494, 0.1492191658791001
DRS 02 - Araçatuba, 318742162952.2129, 752042.9876398194, 2020-03-30, 105.60674930720063, 105.16827832097047, 88.77552006239628, 0.9700106663812041, 0.17435298627879733
DRS 02 - Araçatuba, 97292993783.88216, 661987.234540543, 2020-03-29, 111.78548729542565, 174.26714644662474, 68.25549792480994, 0.9529473697815379, 0.10292427442800718
DRS 02 - Araçatuba, 68109361515.684456, 599882.955694874, 2020-04-03, 157.31899238368408, 206.21758810456754, 92.08939981133527, 0.9876145798080685, 0.06010424618816006
DRS 02 - Araçatuba, 115266709177.27313, 674804.064007122, 2020-03-30, 75.09800177355241, 130.18521677696467, 187.25298034945607, 0.8779555599299679, 0.1856414532135519
DRS 02 - Araçatuba, 188455360566.12946, 767750.1593907377, 2020-03-30, 125.46839709791097, 101.04372186984263, 202.2310312434091, 0.9581551653047256, 0.1399607493108779
DRS 02 - Araçatuba, 88638182.88871863, 176743.58797673206, 2020-04-02, 102.97425492689916, 158.89857955989572, 198.0180439143344, 0.37261048808771924, 0.1516190366026026
DRS 02 - Araçatuba, 98112337432.95782, 483301.0050811523, 2020-04-02, 244.5472668398632, 197.18588613677665, 113.55030236278316, 0.972349754563957, 0.13345098411670156
DRS 02 - Araçatuba, 13658633.988098415, 548265.376796358, 2020-03-29, 58.60691444258862, 64.8147532853543, 4.149603977262065, 0.177252025761037, 0.17228761892083821
DRS 02 - Araçatuba, 104272181445.24362, 420172.52691247425, 2020-04-01, 10.454132171366911, 125.91812203105319, 33.247697664695586, 0.9738217959872679, 0.17468630960981113
DRS 02 - Araçatuba, 220462032.22897393, 57099.8562507772, 2020-03-28, 166.01475638021634, 158.12288578943793, 130.6810502745944, 0.4050565408429251, 0.13216543508228998
DRS 02 - Araçatuba, 175650161700.0538, 713855.103798358, 2020-03-30, 193.354654493841, 243.97489521218816, 44.92107133055424, 0.9590513511044034, 0.14399214188988824
DRS 02 - Araçatuba, 92420518993.02933, 475224.6403618954, 2020-03-30, 179.40475953445525, 107.97915595227272, 165.01868395782142, 0.9878716131374893, 0.11535579950098108
DRS 02 - Araçatuba, 315145339673.426, 723207.3999121886, 2020-03-30, 54.49550842127299, 76.97320651734539, 116.13849196279949, 0.980262713790206, 0.1722247918613154
DRS 02 - Araçatuba, 86617419386.86043, 415364.0714882758, 2020-04-01, 202.1070009642185, 73.9073145137253, 102.69246047730078, 0.9536742072896404, 0.1726537890739283
DRS 02 - Araçatuba, 3202216.6625350765, 435800.99973707047, 2020-03-30, 148.59788311639466, 203.21461768462308, 161.596161469152, 0.8606036493726297, 0.1131261752676403
DRS 02 - Araçatuba, 179343868490.55615, 587608.4700167883, 2020-04-02, 95.46718169418811, 81.30752719211401, 246.37730546132548, 0.9419854623635613, 0.1894053199117193
DRS 02 - Araçatuba, 107019621.85578664, 521287.02359893057, 2020-04-01, 79.67001210397304, 199.1834017497238, 42.781839150680455, 0.20749068816417404, 0.05535538914434248
DRS 02 - Araçatuba, 6887792132.085925, 602665.148249116, 2020-04-01, 108.40983772903766, 32.70113313379673, 13.074321693921476, 0.929625284897504, 0.07549099970596732
DRS 02 - Araçatuba, 227301823004.77225, 737128.2063895925, 2020-03-31, 92.7395034721863, 88.76206699766196, 217.78117541211216, 0.9710012764900835, 0.13414809654341825
DRS 02 - Araçatuba, 100478752.74551864, 95537.07081722541, 2020-04-03, 151.36237769153897, 58.60567666767939, 137.73065867966775, 0.2320919070123521, 0.07655750075383758
DRS 02 - Araçatuba, 451915353.87451583, 507544.733980077, 2020-03-30, 138.87207391830796, 53.795413137627506, 231.70984164085326, 0.8629365749596445, 0.09079489404162984
DRS 02 - Araçatuba, 154137689681.16296, 740289.9822420968, 2020-04-04, 184.2944238652493, 34.77773594569139, 144.7427228731432, 0.9492175571391931, 0.12138837741447954
DRS 02 - Araçatuba, 3444549850.9628334, 139759.80060877601, 2020-03-31, 101.37138979661974, 66.12556637250658, 71.90864418013973, 0.9878561389599637, 0.06482720028502634
DRS 02 - Araçatuba, 39419231.783235624, 592322.2135471636, 2020-04-01, 26.62032613744897, 107.22093065058894, 130.87295440636586, 0.1723961228331271, 0.07803736268688397
DRS 02 - Araçatuba, 7533206783.617472, 128380.59784512616, 2020-03-31, 164.695171796401, 143.91618063419725, 82.44289160508703, 0.9666801993898816, 0.15860564198453925
DRS 02 - Araçatuba, 577721.8809103115, 472483.77109750547, 2020-03-30, 59.602046207125845, 90.11021756755048, 207.87703672104968, 0.15271471411920998, 0.18883394638543222
DRS 02 - Araçatuba, 147384708926.77908, 714554.795935534, 2020-03-30, 45.69960277714426, 104.10604544823919, 36.2019194435641, 0.9362222692246789, 0.1365532389861843
DRS 02 - Araçatuba, 7690112090.111508, 609534.6082602675, 2020-03-31, 132.596204028116, 112.67079842567911, 175.89557166541468, 0.9502364715977469, 0.14634253838961936
DRS 02 - Araçatuba, 2569796061.617356, 101260.53141858686, 2020-03-31, 234.05148734047438, 171.51755813647736, 114.57635152817188, 0.9547106107344726, 0.12272530400092195
DRS 02 - Araçatuba, 192278881879.99472, 598917.7936359671, 2020-03-31, 111.31888585706481, 110.0620806198384, 205.64076794363106, 0.975019854409278, 0.15949383687882893
DRS 02 - Araçatuba, 156461888697.26685, 684463.7707423904, 2020-04-01, 148.8873142149574, 148.8195609925476, 171.2357099340159, 0.9447509690527328, 0.15795697541083079
DRS 02 - Araçatuba, 82435700927.09903, 438756.4162609025, 2020-03-29, 114.71863433977363, 132.12376874785016, 45.27685995783945, 0.9267223816342456, 0.18515885858855563
DRS 02 - Araçatuba, 117805000863.0266, 465465.1523011227, 2020-03-29, 189.96353945496864, 111.34472633617304, 144.4662901005115, 0.9741722926766158, 0.1624296664143866
DRS 02 - Araçatuba, 524382381.7922812, 436464.9186452845, 2020-04-02, 163.51682437657465, 143.07975845488664, 165.75782366286683, 0.8923646557529845, 0.04622945029722401
DRS 02 - Araçatuba, 280787842382.84784, 719464.5956331737, 2020-04-01, 178.37680413257445, 114.21057432273892, 98.05782905193301, 0.9876364985782149, 0.15090324185559525
DRS 02 - Araçatuba, 133471718968.71237, 559463.7245230896, 2020-04-02, 86.34023221674289, 210.5598164794817, 46.0395789278672, 0.9654608623231786, 0.1483492066834707
DRS 02 - Araçatuba, 201264722245.24185, 769891.7095071046, 2020-03-28, 223.92429233340536, 62.738749036739925, 68.25549792480994, 0.9252739071674345, 0.1608460008493195
DRS 02 - Araçatuba, 266345923600.6871, 599882.955694874, 2020-03-28, 5.047602709527782, 206.21758810456754, 40.58088117716664, 0.9876145798080685, 0.19786850495284025
DRS 02 - Araçatuba, 220533535417.1225, 667195.8576824697, 2020-03-30, 75.09800177355241, 130.95311922996987, 180.2427551051879, 0.9385978593294424, 0.1856414532135519
DRS 02 - Araçatuba, 186161744571.95932, 590530.6495812335, 2020-03-28, 178.69661925451118, 196.33457259878656, 87.78633730833859, 0.9589256149577503, 0.19741236477991692
DRS 02 - Araçatuba, 74264643406.52318, 705921.0675226288, 2020-03-30, 116.8122890328249, 235.55442887765386, 132.41284086878483, 0.9019713760850819, 0.1362632002111607
DRS 02 - Araçatuba, 469086237.6716636, 472603.8119314672, 2020-03-30, 34.071976072071244, 26.551930639429905, 113.55030236278316, 0.972349754563957, 0.015274313599260915
DRS 02 - Araçatuba, 233528681943.69034, 660710.9210172911, 2020-03-30, 164.06121423545926, 203.45602163591255, 146.433531959629, 0.9617497409014778, 0.17228761892083821
DRS 02 - Araçatuba, 163453742326.8399, 561734.3292957513, 2020-03-31, 10.454132171366911, 241.25979988413664, 40.96175695216779, 0.9612171372314511, 0.16993890433320982
DRS 02 - Araçatuba, 3824083468.653622, 557762.7846341575, 2020-04-02, 26.44815013155874, 32.580565401395454, 196.67366942934615, 0.9092139805803611, 0.09542703285652714
DRS 02 - Araçatuba, 98180066509.68394, 471339.25071887916, 2020-03-30, 193.354654493841, 186.55755907459323, 39.22642720542796, 0.9657443692575034, 0.14528451969723896
DRS 02 - Araçatuba, 49261476461.55237, 532426.6533739677, 2020-04-03, 181.30407393035912, 160.6149696690495, 142.41732346794652, 0.9317607599128023, 0.11535579950098108
DRS 02 - Araçatuba, 135849143955.80136, 592276.6804346566, 2020-04-01, 108.4683068389412, 115.81713286337742, 116.13849196279949, 0.9354737006589131, 0.16227800446339163
DRS 02 - Araçatuba, 250415570959.02808, 707482.7904950998, 2020-03-31, 202.1070009642185, 73.9073145137253, 108.78735745019507, 0.9642155759349775, 0.16114782638782474
DRS 02 - Araçatuba, 334401407293.4351, 771461.9452368739, 2020-04-02, 196.96772338162484, 96.89893389669334, 40.02046043324382, 0.949833926423634, 0.19409350173845813
DRS 02 - Araçatuba, 180858713383.528, 587608.4700167883, 2020-03-30, 95.46718169418811, 81.30752719211401, 85.78475586228821, 0.9419854623635613, 0.1894053199117193
DRS 02 - Araçatuba, 97537644685.17616, 521287.02359893057, 2020-04-03, 125.27320821779841, 150.57052207091894, 163.96424852597895, 0.9650960089556012, 0.12855123292917311
DRS 02 - Araçatuba, 294810598048.6208, 718116.7559357487, 2020-03-30, 201.66625411901614, 105.64245242774857, 240.06772701934275, 0.984161506736502, 0.16001784618627235
DRS 02 - Araçatuba, 172791431366.1715, 558764.5145269813, 2020-03-30, 142.43894316096242, 88.76206699766196, 65.38893140429352, 0.9680628070889871, 0.17164921400361607
DRS 02 - Araçatuba, 252898222703.67566, 668425.7427194479, 2020-04-01, 139.14447790810314, 58.60567666767939, 96.8852611031208, 0.9663737605680939, 0.1754854371998096
DRS 02 - Araçatuba, 160538737215.86362, 595403.8891050934, 2020-03-30, 173.0709705358924, 32.46963086326783, 142.90333143918173, 0.9451127285872801, 0.16888676675433947
DRS 02 - Araçatuba, 325633898107.03186, 740289.9822420968, 2020-03-31, 164.78234988740624, 34.77773594569139, 112.90665003668815, 0.9741758778910309, 0.1753516002622141
DRS 02 - Araçatuba, 301304278531.4356, 744132.0951668327, 2020-03-30, 170.75659344569698, 70.5908104850803, 132.0132088847216, 0.9755137897591613, 0.16376318965666758
DRS 02 - Araçatuba, 88041788359.33243, 592397.1865153374, 2020-04-01, 190.78789852695016, 229.65910560599687, 45.59055732066004, 0.959806549354816, 0.10383593370841097
DRS 02 - Araçatuba, 54892252590.365005, 540135.398189813, 2020-03-28, 39.3158285748758, 148.49560875696292, 2.887333495588229, 0.9186942197995961, 0.1294156564679152
DRS 02 - Araçatuba, 828403.7941365917, 610888.1825410215, 2020-03-28, 26.927934212396725, 176.15053109659257, 168.20445341150764, 0.21941584302955439, 0.11583024936299141
DRS 02 - Araçatuba, 180132058769.08682, 714554.795935534, 2020-03-30, 154.66812296421605, 38.47541778106341, 167.27560453605997, 0.9362222692246789, 0.15227750918587968
DRS 02 - Araçatuba, 8259636033.301603, 152189.26165717246, 2020-04-01, 65.05382898129882, 2.8478332588496302, 199.92789340969034, 0.9502364715977469, 0.14634253838961936
DRS 02 - Araçatuba, 162511284402.62628, 669469.9377746651, 2020-03-31, 170.400296612248, 107.03996834069235, 211.89063704040277, 0.9547106107344726, 0.13978339691931868
DRS 02 - Araçatuba, 131473765441.4887, 511459.2582330691, 2020-03-30, 223.81617272083773, 110.0620806198384, 36.702806661867456, 0.975019854409278, 0.15110891225566053
DRS 02 - Araçatuba, 177785211429.20358, 589548.3425338772, 2020-03-31, 109.94274151869152, 84.2304360077761, 118.9380161978926, 0.9447509690527328, 0.18357400415238775
DRS 02 - Araçatuba, 264279184693.29083, 649722.1570500293, 2020-03-29, 16.809867394534912, 100.12104992917762, 133.55447881479398, 0.9728871137292213, 0.18405343297946755
DRS 02 - Araçatuba, 111984736077.6842, 761096.5277083558, 2020-03-29, 27.237705294197184, 106.5560102500464, 112.01704045346256, 0.9183099207195499, 0.13536324274771358
DRS 02 - Araçatuba, 218611012151.77835, 756635.2899333738, 2020-04-01, 163.51682437657465, 206.57341948199402, 170.76672700035883, 0.9336142101188921, 0.16207741845061333
DRS 02 - Araçatuba, 8405735325.378651, 385631.4304961482, 2020-03-29, 144.988907906535, 114.21057432273892, 98.05782905193301, 0.8913044072712705, 0.1290906759187217
DRS 02 - Araçatuba, 224959693628.1254, 752042.9876398194, 2020-03-28, 105.60674930720063, 103.65543214505578, 88.77552006239628, 0.9814191829322769, 0.1183840809768336
DRS 02 - Araçatuba, 149018960992.92557, 618950.8387598431, 2020-03-29, 223.92429233340536, 73.31382054190092, 78.1528094285902, 0.9552990669918329, 0.1430165802354077
DRS 02 - Araçatuba, 222190207856.5247, 599882.955694874, 2020-03-28, 5.047602709527782, 90.32640265156364, 40.58088117716664, 0.9876145798080685, 0.16755232482647076
DRS 02 - Araçatuba, 173971470218.4192, 674804.064007122, 2020-04-01, 196.99104298687013, 170.6696736694643, 180.2427551051879, 0.9385978593294424, 0.15720948882911345
DRS 02 - Araçatuba, 53797257658.776405, 314335.17259601026, 2020-04-02, 238.96510483861914, 122.44214370805365, 45.117022368683365, 0.9581551653047256, 0.1807273581889286
DRS 02 - Araçatuba, 81349826980.44334, 530874.6341224894, 2020-03-29, 200.14823656509657, 8.273077843525597, 110.9378033992749, 0.9366002150899477, 0.1362632002111607
DRS 02 - Araçatuba, 153957718444.67236, 570702.2526038082, 2020-03-29, 157.6479977592532, 91.95054488355576, 35.181136543860276, 0.972349754563957, 0.1659713994412985
DRS 02 - Araçatuba, 268052193556.06293, 695821.1756259773, 2020-03-30, 248.26708999607578, 203.45602163591255, 241.5992825796248, 0.9725345317425194, 0.1661446186508723
DRS 02 - Araçatuba, 395640316409.82794, 772311.0142008124, 2020-03-28, 10.454132171366911, 21.43141050505104, 188.16173297384825, 0.9738217959872679, 0.1923737987054323
DRS 02 - Araçatuba, 6225941.246723949, 707590.5694907687, 2020-03-30, 24.175489255914005, 99.77795324041129, 96.37371600775302, 0.4539701439429302, 0.17085009262600828
DRS 02 - Araçatuba, 246293240439.90234, 754171.5790457214, 2020-03-29, 171.6993670614694, 243.97489521218816, 44.92107133055424, 0.9590513511044034, 0.15291119055890906
DRS 02 - Araçatuba, 502859498.431032, 45467.22457940385, 2020-04-02, 123.46560883975685, 159.1735963718336, 51.799887267644976, 0.9390060891294857, 0.18838211834198948
DRS 02 - Araçatuba, 175072786027.055, 652791.2846480091, 2020-03-30, 215.2879829833494, 76.97320651734539, 116.13849196279949, 0.9604736123653919, 0.14270053782635217
DRS 02 - Araçatuba, 129074599329.14374, 495568.01102486666, 2020-03-31, 202.1070009642185, 73.9073145137253, 108.78735745019507, 0.9642155759349775, 0.1680459242280997
DRS 02 - Araçatuba, 248663588547.70917, 771461.9452368739, 2020-04-01, 119.40372150529376, 202.66425416524066, 79.68577320222256, 0.9162200564357807, 0.1885407274703376
DRS 02 - Araçatuba, 151070227988.17725, 587608.4700167883, 2020-03-30, 159.1681810896229, 81.30752719211401, 99.60854708956467, 0.9419854623635613, 0.1876634933125141
DRS 02 - Araçatuba, 73655032423.0253, 521287.02359893057, 2020-03-29, 247.21710025035043, 47.60185873643981, 42.781839150680455, 0.9229511424032311, 0.17180007658851576
DRS 02 - Araçatuba, 136969093085.3636, 530193.003261147, 2020-03-28, 99.63512835831597, 134.57584427534078, 28.51568426829454, 0.984161506736502, 0.13814682506300005
DRS 02 - Araçatuba, 197116907538.47046, 655871.9228822214, 2020-03-29, 66.24348276427553, 88.76206699766196, 64.04006308910195, 0.9479237769996344, 0.16699147407906012
DRS 02 - Araçatuba, 201669184485.34787, 668425.7427194479, 2020-04-01, 187.80339937174872, 74.71178610201417, 91.71635716667139, 0.9386954806194379, 0.17458494198537688
DRS 02 - Araçatuba, 256197107237.79105, 703734.0861612561, 2020-04-01, 86.96441473477333, 144.93692205405466, 73.27719007278205, 0.9374109850129226, 0.1925426647252311
DRS 02 - Araçatuba, 245704206900.42163, 708903.1497020416, 2020-03-29, 164.78234988740624, 67.59956905222788, 218.43504501476863, 0.9471988029822787, 0.1753516002622141
DRS 02 - Araçatuba, 168839842105.69794, 626648.2239078068, 2020-03-31, 234.41494723150407, 42.6826081107262, 79.34230060531867, 0.9461672345362794, 0.16376318965666758
DRS 02 - Araçatuba, 139356909198.28247, 710299.9133456281, 2020-04-01, 181.98316105988786, 5.804398628453368, 45.59055732066004, 0.9395815541841842, 0.14099194226199305
DRS 02 - Araçatuba, 89148801471.7468, 624101.887358247, 2020-03-30, 39.3158285748758, 115.04989306863622, 2.887333495588229, 0.9288491667492581, 0.1294156564679152
DRS 02 - Araçatuba, 303887357728.13464, 691668.0163712245, 2020-03-30, 59.602046207125845, 121.56090547942495, 228.14527787045, 0.9703543860125824, 0.18883394638543222
DRS 02 - Araçatuba, 184356186262.2591, 722868.938316699, 2020-03-30, 154.66812296421605, 69.82964224685479, 167.27560453605997, 0.9362222692246789, 0.15227750918587968
DRS 02 - Araçatuba, 286608827627.82, 710701.7749369683, 2020-03-29, 122.65703725164242, 126.12802309303368, 127.06586950360696, 0.9502364715977469, 0.19192770022302438
DRS 02 - Araçatuba, 65904166749.34999, 720967.781336429, 2020-04-02, 139.28139013206183, 149.02119276056308, 217.34449916910998, 0.9267861107359328, 0.10531155111592681
DRS 02 - Araçatuba, 198061130892.52945, 598917.7936359671, 2020-03-30, 198.05057466811104, 110.0620806198384, 205.64076794363106, 0.9789657036770809, 0.15949383687882893
DRS 02 - Araçatuba, 119117023.67797269, 654470.2478363828, 2020-04-01, 151.79513153418355, 58.531509888121434, 181.86668598251575, 0.5294631014598877, 0.17467288648163992
DRS 02 - Araçatuba, 200298253051.73856, 684710.4628133934, 2020-03-29, 16.809867394534912, 100.12104992917762, 133.55447881479398, 0.9512345183107717, 0.15594377682626806
DRS 02 - Araçatuba, 97568462956.69748, 638593.6057624638, 2020-03-28, 98.28036954645141, 153.9157441455128, 53.53065990860019, 0.9271086689962842, 0.13319340517769673
DRS 02 - Araçatuba, 8538533972.0100155, 178810.6776250585, 2020-03-28, 205.42350132629443, 85.76175613749335, 78.79688350190328, 0.9283159082120254, 0.1426431478743614
DRS 02 - Araçatuba, 267946121725.32587, 746685.1589149542, 2020-03-29, 178.37680413257445, 235.73985718784095, 109.67499021074214, 0.9876364985782149, 0.13273049257745914
DRS 02 - Araçatuba, 105357722241.59741, 469349.0550823437, 2020-03-29, 226.96857665492516, 166.29195968784163, 88.77552006239628, 0.9543822866684831, 0.16575821515687708
DRS 02 - Araçatuba, 115759559261.44019, 769891.7095071046, 2020-03-31, 246.9975091557391, 49.68404214230949, 68.25549792480994, 0.9252739071674345, 0.1237727609731038
DRS 02 - Araçatuba, 163623026414.6912, 599882.955694874, 2020-03-31, 183.92563973760534, 206.21758810456754, 40.58088117716664, 0.919010902855923, 0.19786850495284025
DRS 02 - Araçatuba, 147467974.42234626, 674804.064007122, 2020-03-28, 29.419339350746103, 41.296449879067524, 26.68367669852275, 0.33004605639836915, 0.1856414532135519
DRS 02 - Araçatuba, 146803281980.46072, 542860.5635131908, 2020-04-02, 165.21766367436092, 212.49978692230064, 23.467529262974967, 0.9581551653047256, 0.16677882659172494
DRS 02 - Araçatuba, 170338630940.81766, 626538.1173321706, 2020-03-31, 39.637526933363645, 145.8697277338087, 224.76069668428096, 0.9824599637500039, 0.1496061796129823
DRS 02 - Araçatuba, 67485239116.34481, 399915.698243117, 2020-03-30, 157.6479977592532, 3.2598005389770854, 35.181136543860276, 0.972349754563957, 0.14188631965165507
DRS 02 - Araçatuba, 189091153810.7445, 575482.5262577618, 2020-03-31, 248.26708999607578, 203.45602163591255, 237.6982176682892, 0.981557867523321, 0.1661446186508723
DRS 02 - Araçatuba, 245003780571.55716, 769787.3315567687, 2020-03-30, 52.46053152318843, 84.65704592543587, 10.687068093181068, 0.9534496350682704, 0.15089968141053403
DRS 02 - Araçatuba, 306077764701.35486, 777469.416968028, 2020-03-30, 152.56357125407976, 194.59776561565008, 25.897368625775506, 0.9504535795029022, 0.17633172430597083
DRS 02 - Araçatuba, 312316168580.1112, 754171.5790457214, 2020-03-29, 164.25362585748488, 243.97489521218816, 44.92107133055424, 0.9590513511044034, 0.1809067667554953
DRS 02 - Araçatuba, 217858686451.1908, 764111.9562653414, 2020-03-29, 124.82729199963303, 159.1735963718336, 194.49985992258166, 0.9781893664992717, 0.11535579950098108
DRS 02 - Araçatuba, 344304939351.98676, 752007.2450454198, 2020-03-30, 175.48981564855154, 119.01678547192462, 213.3918402386546, 0.980262713790206, 0.1722247918613154
DRS 02 - Araçatuba, 70975462607.00528, 423860.4580767576, 2020-03-28, 52.439604530636494, 73.9073145137253, 204.9835760272393, 0.9642155759349775, 0.13548198599960545
DRS 02 - Araçatuba, 266479694.46368274, 683122.4419324286, 2020-03-28, 156.47324639119643, 60.61885842522648, 209.3682247160817, 0.40192500798568886, 0.14088404435762428
DRS 02 - Araçatuba, 169181987150.35516, 651236.6484701618, 2020-03-28, 155.75342256996777, 81.30752719211401, 210.96275923659613, 0.9419854623635613, 0.15810900503046596
DRS 02 - Araçatuba, 125886196308.79097, 603149.9350624887, 2020-03-30, 156.19554430844872, 78.16833887830022, 140.81443503164914, 0.9362725541374212, 0.1526005406522541
DRS 02 - Araçatuba, 290977514055.5364, 718116.7559357487, 2020-03-30, 201.66625411901614, 174.9165897175656, 144.77148590827352, 0.984161506736502, 0.16001784618627235
DRS 02 - Araçatuba, 230388494502.72192, 686267.7033954471, 2020-03-31, 237.68969584641732, 10.794144778636577, 36.12305797692593, 0.9606412915236937, 0.16195005918553187
DRS 02 - Araçatuba, 196054588833.6955, 620429.8235945251, 2020-04-01, 177.6826903515388, 67.72129714384162, 48.71480780306162, 0.9549833594877059, 0.17270455333209808
DRS 02 - Araçatuba, 278663852834.5167, 662688.0592468025, 2020-03-30, 137.68305533331346, 144.93692205405466, 151.39809530819187, 0.9664737114249858, 0.1925426647252311
DRS 02 - Araçatuba, 91401076410.5452, 441590.26707177045, 2020-03-29, 90.9691805787502, 121.50798528794915, 112.90665003668815, 0.9433350190376086, 0.17483921203097827
DRS 02 - Araçatuba, 305560475535.6778, 719170.2677009752, 2020-03-30, 181.84798434107873, 70.5908104850803, 155.29389884425743, 0.9755137897591613, 0.17248389777700013
DRS 02 - Araçatuba, 212083016061.76813, 700087.889901747, 2020-03-30, 201.56957602847146, 8.58016290274878, 85.64752914766405, 0.9396936172333364, 0.1687980407920373
DRS 02 - Araçatuba, 215084361529.26877, 642833.5351184816, 2020-03-31, 39.3158285748758, 115.04989306863622, 2.887333495588229, 0.9794303157070072, 0.1648149406287908
DRS 02 - Araçatuba, 145390913660.08713, 689758.0098661309, 2020-03-30, 128.63136466363812, 161.5867929584035, 104.63105574564949, 0.9516191393776062, 0.12507074058717713
DRS 02 - Araçatuba, 181979200773.51263, 718169.776426457, 2020-03-28, 54.59408205375646, 231.7958819254212, 167.27560453605997, 0.9362222692246789, 0.15227750918587968
DRS 02 - Araçatuba, 246157704194.1216, 710701.7749369683, 2020-03-29, 121.42034307120488, 158.9657691667723, 175.41291041560748, 0.9502364715977469, 0.17200301666280993
DRS 02 - Araçatuba, 128091025460.1505, 583403.1698737397, 2020-03-31, 189.0431681067673, 141.2781857361669, 146.49277090449564, 0.9547106107344726, 0.13978339691931868
DRS 02 - Araçatuba, 206822895978.38788, 598917.7936359671, 2020-03-30, 142.11374338822776, 154.72874759398215, 205.64076794363106, 0.9789657036770809, 0.16560719134173446
DRS 02 - Araçatuba, 209068081716.4469, 600180.5745494372, 2020-04-01, 44.61154118011254, 62.50931374545268, 203.51600357130803, 0.9590655969289902, 0.1878747505660945
DRS 02 - Araçatuba, 199901258255.24915, 649722.1570500293, 2020-03-31, 223.1686793829522, 181.86222998329416, 93.92455899610006, 0.9346087180507544, 0.18405343297946755
DRS 02 - Araçatuba, 212124136166.50192, 697174.1663612794, 2020-03-31, 147.11579444563768, 145.5964597266554, 99.68316966256313, 0.9334208607720498, 0.1759666950975246
DRS 02 - Araçatuba, 125898937443.06647, 471589.46655112086, 2020-03-30, 242.06433385890736, 33.04772849443986, 174.03933212719716, 0.982341984640223, 0.16207741845061333
DRS 02 - Araçatuba, 286228636756.80273, 719464.5956331737, 2020-04-02, 133.72574288532945, 114.21057432273892, 124.90609225473843, 0.9876364985782149, 0.15090324185559525
DRS 02 - Araçatuba, 274405769298.2421, 736659.714581698, 2020-04-01, 83.89864893544399, 206.37015051057872, 88.77552006239628, 0.9647585324578927, 0.16191132401352595
DRS 02 - Araçatuba, 321846168.64510685, 769891.7095071046, 2020-04-02, 218.95623150367618, 122.09945342392167, 230.2592517511155, 0.6045388301107939, 0.14183093182975948
DRS 02 - Araçatuba, 198967114190.39645, 541496.3215799126, 2020-03-31, 33.89874376683628, 206.21758810456754, 40.58088117716664, 0.9876145798080685, 0.18252074728221956
DRS 02 - Araçatuba, 209074525012.67844, 705272.6336283584, 2020-03-31, 137.63877122498187, 130.370687842075, 180.2427551051879, 0.9854194076852252, 0.14561978708735812
DRS 02 - Araçatuba, 141402725734.69165, 696169.2450065264, 2020-03-30, 39.64603732247607, 206.27996616498706, 87.78633730833859, 0.9239508670728135, 0.14979822049398475
DRS 02 - Araçatuba, 142854509926.62128, 626538.1173321706, 2020-03-31, 148.91087651331188, 131.6324547384611, 164.02800760063516, 0.9608293282065139, 0.13052268594326003
DRS 02 - Araçatuba, 226501725251.81216, 720491.6308666546, 2020-03-28, 157.6479977592532, 174.1221657641942, 87.1389646565637, 0.9632614159450928, 0.14699136101623814
DRS 02 - Araçatuba, 239691207408.44055, 695821.1756259773, 2020-03-31, 42.58604208373943, 203.45602163591255, 76.16630827908962, 0.9306227899238891, 0.19343017807591828
DRS 02 - Araçatuba, 127509312646.46484, 508555.4533466955, 2020-04-03, 66.61155597209802, 21.43141050505104, 231.13751808187047, 0.9738217959872679, 0.17864460448652347
DRS 02 - Araçatuba, 219735061862.3851, 777469.416968028, 2020-03-30, 136.79192726420283, 72.05327841186441, 141.61338705658105, 0.9148917145128168, 0.17633172430597083
DRS 02 - Araçatuba, 307645087886.668, 744522.1236686185, 2020-03-29, 122.92731952774392, 2.883994204153209, 48.08031712470623, 0.9590513511044034, 0.1809067667554953
DRS 02 - Araçatuba, 123050091402.46317, 600311.8574982971, 2020-04-04, 124.82729199963303, 61.236021776889444, 225.343749426257, 0.9664135052364041, 0.11946843840894204
DRS 02 - Araçatuba, 101017870870.6711, 752007.2450454198, 2020-03-30, 121.40174250952946, 151.85571929957598, 213.3918402386546, 0.980262713790206, 0.08734474257949763
DRS 02 - Araçatuba, 1957969.8068351918, 758755.7086128098, 2020-04-01, 111.93824298229426, 236.44620248272912, 175.66904692268002, 0.19606655499397463, 0.1860158811981364
DRS 02 - Araçatuba, 210316428485.41693, 652805.6386437563, 2020-04-02, 217.53641237339917, 96.89893389669334, 40.02046043324382, 0.949833926423634, 0.19409350173845813
DRS 02 - Araçatuba, 155338367681.96182, 587608.4700167883, 2020-03-30, 151.61866829315164, 98.64393872975607, 85.78475586228821, 0.9234647176952304, 0.1894053199117193
DRS 02 - Araçatuba, 240081059524.66525, 688238.1673801168, 2020-04-01, 208.84969067116148, 99.89745253108237, 164.33002258515413, 0.9492416950809177, 0.1777681145353822
DRS 02 - Araçatuba, 10098929637.036701, 199623.20713210438, 2020-04-01, 112.75217996124923, 187.34919843792295, 237.7000677922338, 0.9385246519475251, 0.12858916513340676
DRS 02 - Araçatuba, 56791495.08478814, 375095.4879696928, 2020-03-30, 196.04026157587208, 10.794144778636577, 215.6152610316918, 0.6549478428425216, 0.08086614254130374
DRS 02 - Araçatuba, 251755301298.24857, 668425.7427194479, 2020-04-01, 144.93583143638904, 197.16407598364307, 96.8852611031208, 0.9663737605680939, 0.1754854371998096
DRS 02 - Araçatuba, 68527079713.06878, 538774.521897005, 2020-03-30, 82.43192029199889, 144.93692205405466, 193.5364094942969, 0.9572130434170202, 0.10233116331646432
DRS 02 - Araçatuba, 231379830435.50443, 732497.7163114904, 2020-03-31, 248.30386967953982, 34.77773594569139, 112.90665003668815, 0.9449750026271603, 0.16309454034914775
DRS 02 - Araçatuba, 278065752380.1845, 719170.2677009752, 2020-03-30, 181.84798434107873, 70.5908104850803, 81.53107330162563, 0.9755137897591613, 0.1592864139295744
DRS 02 - Araçatuba, 310387315572.03174, 700087.889901747, 2020-03-30, 201.56957602847146, 35.71733955238614, 204.15330730334355, 0.9892123910652821, 0.1696436950415546
DRS 02 - Araçatuba, 5576034806.9867115, 642833.5351184816, 2020-03-30, 56.77160101385276, 155.68140443019823, 30.9235364471466, 0.952048131915373, 0.1268170837222245
DRS 02 - Araçatuba, 51192084995.935616, 285474.55646758754, 2020-03-29, 59.602046207125845, 121.56090547942495, 226.5413796621392, 0.9703543860125824, 0.18883394638543222
DRS 02 - Araçatuba, 214591491168.71106, 651290.5042904378, 2020-03-29, 207.78348682977588, 135.30584947279561, 167.27560453605997, 0.9745281824001348, 0.15227750918587968
DRS 02 - Araçatuba, 243998296470.75677, 710701.7749369683, 2020-04-02, 94.74230467160402, 44.51136015121635, 209.59371465316065, 0.9502364715977469, 0.1708807073938676
DRS 02 - Araçatuba, 3233792.710578899, 669469.9377746651, 2020-03-31, 152.4766445392881, 107.03996834069235, 211.89063704040277, 0.9547106107344726, 0.034885631744798896
DRS 02 - Araçatuba, 99525699338.18517, 579373.4157084281, 2020-04-01, 142.11374338822776, 146.61620197489083, 196.83133699641226, 0.9530366056655254, 0.12954023365034564
DRS 02 - Araçatuba, 166862722738.9587, 760097.6664054516, 2020-03-31, 44.61154118011254, 103.28208819079246, 23.365768884161383, 0.9447509690527328, 0.12912608008798263
DRS 02 - Araçatuba, 71407781200.82588, 612857.4674921914, 2020-04-01, 57.19877543875057, 220.5026176476591, 238.95109107357516, 0.9594126001003801, 0.09822838198812472
DRS 02 - Araçatuba, 290264072234.8579, 665048.8598680047, 2020-04-02, 147.11579444563768, 80.58058431457833, 201.5888944207911, 0.9778783338928329, 0.18656979504434795
DRS 02 - Araçatuba, 119468159794.06589, 614383.5081584232, 2020-04-01, 200.81869468289335, 206.57341948199402, 228.597548177643, 0.9336142101188921, 0.14587109059060618
DRS 02 - Araçatuba, 11863180697.835876, 719464.5956331737, 2020-04-01, 133.72574288532945, 115.90888315355154, 153.63331893710992, 0.9876364985782149, 0.018513165662219482
DRS 02 - Araçatuba, 308011389016.547, 752042.9876398194, 2020-03-31, 219.18040512528256, 153.15017473585928, 202.13037117227083, 0.9605896242422074, 0.17740635143943528
DRS 02 - Araçatuba, 153723864867.769, 675661.2382239689, 2020-03-29, 148.82909840049146, 227.39314586939258, 168.73784374136972, 0.9252739071674345, 0.1608460008493195
DRS 02 - Araçatuba, 257113197921.58694, 714359.5361751346, 2020-03-28, 5.047602709527782, 238.8834621655581, 40.58088117716664, 0.9472329225660718, 0.1809622546006664
DRS 02 - Araçatuba, 174172711110.65704, 754973.8716481546, 2020-03-31, 153.56203223671804, 196.33784148500084, 206.4175352824409, 0.9385978593294424, 0.13812722008905748
DRS 02 - Araçatuba, 220474093540.2412, 678182.6967740667, 2020-03-30, 238.96510483861914, 241.36750176982872, 134.90799280078204, 0.9281469316146937, 0.19201254017372305
DRS 02 - Araçatuba, 253014401512.01312, 626538.1173321706, 2020-03-30, 147.15476775343188, 145.8697277338087, 192.98303196431303, 0.9828900450768802, 0.1794004789718093
DRS 02 - Araçatuba, 284855559851.1888, 720491.6308666546, 2020-03-28, 178.82937394855688, 237.58476258660977, 68.14770487571604, 0.9585675400034123, 0.17906568880923657
DRS 02 - Araçatuba, 173693360952.14105, 695821.1756259773, 2020-03-30, 248.26708999607578, 151.8603896922769, 148.93435941168272, 0.9670976864386767, 0.12286439550576872
DRS 02 - Araçatuba, 121345482315.76309, 601094.550653062, 2020-04-01, 199.49082640362386, 6.873803367339393, 66.57076608091997, 0.9707336740051022, 0.11363096527521199
DRS 02 - Araçatuba, 234867799404.21738, 717118.3259636438, 2020-03-28, 152.56357125407976, 74.133036604591, 25.897368625775506, 0.9504535795029022, 0.1639900955909678
DRS 02 - Araçatuba, 113402389151.61395, 647446.8186110543, 2020-03-29, 105.3079881768124, 17.281057785380803, 175.3267169520962, 0.9116471868374637, 0.15635102930037012
DRS 02 - Araçatuba, 205039753163.8829, 742152.6776690455, 2020-04-01, 105.77423528295884, 159.1735963718336, 78.213634952423, 0.9781893664992717, 0.11535579950098108
DRS 02 - Araçatuba, 247423979951.65735, 752007.2450454198, 2020-03-28, 165.61492768512457, 105.39400041183617, 213.3918402386546, 0.9508488229350439, 0.1722247918613154
DRS 02 - Araçatuba, 207093430144.2879, 653945.0799663442, 2020-03-31, 98.85119677965606, 73.9073145137253, 87.91968081515667, 0.9344613501966726, 0.19506162592254803
DRS 02 - Araçatuba, 284551480.1747923, 771461.9452368739, 2020-03-30, 164.46437763112735, 71.27949912381851, 14.8330800745069, 0.5421633843443033, 0.17111392642687592
DRS 02 - Araçatuba, 3912007710.187518, 643200.9443418751, 2020-03-30, 51.23578672737097, 117.65415448657373, 62.25517131826941, 0.8685877690684806, 0.1346872333712519
DRS 02 - Araçatuba, 145562426582.90933, 597663.3521216692, 2020-03-28, 200.896902510657, 244.115218958166, 143.27569521795212, 0.9430740687363095, 0.16894316414781052
DRS 02 - Araçatuba, 182690399322.05585, 719092.263620676, 2020-04-02, 87.62812928609604, 89.56278432869463, 240.06772701934275, 0.9381059223644436, 0.15292486685709725
DRS 02 - Araçatuba, 328272851202.26556, 751869.8198794638, 2020-03-31, 131.43469410530693, 218.40395831088, 36.12305797692593, 0.9541903275130009, 0.19881696188226286
DRS 02 - Araçatuba, 115630177597.83624, 461478.9785827156, 2020-04-01, 139.14447790810314, 75.2214162133876, 114.21121210797652, 0.972874778299216, 0.16358417290377972
DRS 02 - Araçatuba, 171398757058.7909, 604768.1711869452, 2020-04-02, 207.7037012730349, 43.219033802334636, 52.14239288455397, 0.9360097529014239, 0.18154456797865615
DRS 02 - Araçatuba, 249002025242.37143, 720990.5634285761, 2020-03-28, 161.60533535881436, 34.77773594569139, 112.90665003668815, 0.946514779967317, 0.1753516002622141
DRS 02 - Araçatuba, 196143507197.60776, 606409.2554036021, 2020-03-30, 133.1571826961969, 180.61759778947953, 140.66149299433843, 0.9773552428261031, 0.156477705908209
DRS 02 - Araçatuba, 325523176436.71106, 700087.889901747, 2020-03-29, 201.56957602847146, 35.71733955238614, 204.15330730334355, 0.9892123910652821, 0.17727183836949612
DRS 02 - Araçatuba, 165212590174.38873, 642833.5351184816, 2020-03-31, 183.16976070778122, 115.04989306863622, 2.887333495588229, 0.9219931858407614, 0.18141747429305857
DRS 02 - Araçatuba, 249414831521.0148, 699585.9797638123, 2020-03-30, 66.84402762370905, 121.56090547942495, 135.79610693236518, 0.9403071670572564, 0.18742306738149284
DRS 02 - Araçatuba, 224055838170.69547, 731687.7089593853, 2020-03-29, 207.78348682977588, 49.62217648752731, 56.35067603173671, 0.9745281824001348, 0.13038297973998644
DRS 02 - Araçatuba, 27773270.706984393, 755369.9280367478, 2020-03-31, 172.5704669836173, 82.404100043214, 222.36255562891847, 0.3208736540144461, 0.19192770022302438
DRS 02 - Araçatuba, 161225342127.68643, 669469.9377746651, 2020-04-04, 170.400296612248, 145.5432684007415, 73.54335604363104, 0.9547106107344726, 0.13978339691931868
DRS 02 - Araçatuba, 178276506974.19672, 660439.8883524028, 2020-04-01, 79.78606483192848, 17.57604601917928, 116.78669358740638, 0.9379421564721704, 0.16560719134173446
DRS 02 - Araçatuba, 141382995084.20102, 652282.9476487543, 2020-03-31, 192.7131716136081, 32.434110847647275, 203.51600357130803, 0.9385918448524604, 0.14484345456525552
DRS 02 - Araçatuba, 14416250065.52917, 189568.32663607778, 2020-03-29, 16.809867394534912, 46.278643488400185, 133.55447881479398, 0.9737582941291905, 0.13183845540746914
DRS 02 - Araçatuba, 134212233.14813256, 761096.5277083558, 2020-03-29, 147.11579444563768, 114.72551680980149, 122.61616633143431, 0.9778783338928329, 0.019129916979436674
DRS 02 - Araçatuba, 1555028148.839905, 759327.6017250812, 2020-03-31, 163.51682437657465, 68.08526293043626, 170.76672700035883, 0.7273455096595423, 0.10742950546257449
DRS 02 - Araçatuba, 286033984169.1477, 719464.5956331737, 2020-04-02, 133.72574288532945, 231.28871313037695, 134.47808864223782, 0.9876364985782149, 0.15090324185559525
DRS 02 - Araçatuba, 29135453543.053097, 540782.6110854115, 2020-03-30, 100.43862809780966, 30.292526955123204, 88.77552006239628, 0.9224778536749462, 0.10458708923452828
DRS 02 - Araçatuba, 68232632938.38178, 472082.1798484656, 2020-03-28, 147.3747894109088, 62.738749036739925, 68.25549792480994, 0.9185106608401263, 0.1608460008493195
DRS 02 - Araçatuba, 155327900448.4668, 591418.8074025312, 2020-03-28, 86.00998302845261, 156.44262403284094, 98.12820189621101, 0.9439856483115574, 0.16858887912018738
DRS 02 - Araçatuba, 54251421240.78884, 611936.1070198633, 2020-03-30, 138.22596784348502, 41.296449879067524, 180.2427551051879, 0.9385978593294424, 0.09812082812004161
DRS 02 - Araçatuba, 95578677692.26213, 752985.2464135779, 2020-04-02, 238.96510483861914, 241.36750176982872, 36.702244726935305, 0.9433412003607465, 0.0990099831577102
DRS 02 - Araçatuba, 209821370037.9838, 626538.1173321706, 2020-03-30, 100.49639249253251, 142.415468916201, 109.87571005496312, 0.9444104287533077, 0.190693265630228
DRS 02 - Araçatuba, 271975202281.7038, 720491.6308666546, 2020-03-29, 76.07239071746618, 97.4931829641287, 158.20502231750223, 0.9585675400034123, 0.17906568880923657
DRS 02 - Araçatuba, 9971062571.86349, 509244.63152770896, 2020-03-30, 248.26708999607578, 147.647299805932, 241.5992825796248, 0.9315344549618377, 0.07864495551997717
DRS 02 - Araçatuba, 354148236205.6878, 775522.6905416666, 2020-03-31, 10.454132171366911, 53.383240770243766, 175.0144037111389, 0.9580318625060865, 0.1923737987054323
DRS 02 - Araçatuba, 252867870729.88, 644967.831874424, 2020-03-30, 152.56357125407976, 194.59776561565008, 160.24887149139116, 0.9563067726770059, 0.1959846812253259
DRS 02 - Araçatuba, 188255304598.6989, 754171.5790457214, 2020-04-03, 9.53223753734278, 243.97489521218816, 198.1532913994054, 0.9200574423707881, 0.1809067667554953
DRS 02 - Araçatuba, 109978021123.9755, 570665.7689642601, 2020-04-02, 128.1464780586553, 119.16873891336002, 9.991345084151531, 0.9695321757269603, 0.11535579950098108
DRS 02 - Araçatuba, 153027470.55209297, 678741.4865176837, 2020-04-02, 198.56441543395178, 240.42842935049097, 191.5723287047267, 0.6870319535654579, 0.11634349914916942
DRS 02 - Araçatuba, 250264165796.23093, 707482.7904950998, 2020-03-31, 119.82359369018315, 31.529239420561794, 108.78735745019507, 0.9642155759349775, 0.16114782638782474
DRS 02 - Araçatuba, 274144678657.82312, 662318.054670214, 2020-03-28, 193.51646946135284, 96.89893389669334, 40.02046043324382, 0.9855849055566319, 0.1709512497163352
DRS 02 - Araçatuba, 137113217509.80327, 587608.4700167883, 2020-04-01, 203.94663353606103, 81.30752719211401, 85.78475586228821, 0.9107382154563723, 0.1894053199117193
DRS 02 - Araçatuba, 129941978537.99564, 778684.165605097, 2020-03-29, 64.86398645140815, 175.18804166021704, 184.26802729210502, 0.9503833155575885, 0.10561385169262566
DRS 02 - Araçatuba, 331681967541.4715, 718116.7559357487, 2020-03-31, 187.42584496295956, 155.46995325688906, 16.314322708577635, 0.984161506736502, 0.17688712107201995
DRS 02 - Araçatuba, 237372460890.4641, 623607.0062607757, 2020-03-31, 168.82003855978226, 69.47433536358592, 199.87384270995818, 0.9541903275130009, 0.19881696188226286
DRS 02 - Araçatuba, 8383778336.738208, 668425.7427194479, 2020-04-01, 209.22185142241494, 137.41802044217656, 71.28014621541173, 0.917123122056569, 0.17787534028020463
DRS 02 - Araçatuba, 312682778003.4559, 673268.8215110986, 2020-03-29, 147.42583775350957, 207.42697878332692, 151.39809530819187, 0.9802169734081619, 0.1925426647252311
DRS 02 - Araçatuba, 112027637904.15787, 710474.724337346, 2020-04-02, 200.04492648715672, 34.77773594569139, 169.40692185905328, 0.9474464082053607, 0.10835400977841221
DRS 02 - Araçatuba, 192486720677.21884, 631290.0033508003, 2020-03-30, 123.45500199486392, 70.5908104850803, 85.31332212518222, 0.9755137897591613, 0.14587422381693937
DRS 02 - Araçatuba, 147668656902.74142, 700087.889901747, 2020-04-01, 197.36101336133868, 141.47360611499, 204.15330730334355, 0.9277503724789269, 0.1990543114533083
DRS 02 - Araçatuba, 26829462317.95581, 739082.3738839363, 2020-04-03, 59.51181693311532, 115.04989306863622, 105.24407934083561, 0.9678673312769368, 0.04485757087511719
DRS 02 - Araçatuba, 250330908085.3948, 691668.0163712245, 2020-04-03, 127.82783715805319, 121.56090547942495, 188.28768289187693, 0.9534419998509702, 0.18883394638543222
DRS 02 - Araçatuba, 236109664057.32352, 751015.7452678545, 2020-04-04, 207.78348682977588, 70.77686585400787, 115.64726740794521, 0.9745281824001348, 0.13038297973998644
DRS 02 - Araçatuba, 250264024572.71378, 655344.5174385249, 2020-03-31, 161.9581850229867, 102.98035134592045, 105.56285143189166, 0.9502364715977469, 0.195776056315666
DRS 02 - Araçatuba, 119412997019.77164, 534165.203294369, 2020-03-30, 170.400296612248, 139.9924948099623, 249.96450770381088, 0.967662958146732, 0.13758012428677738
DRS 02 - Araçatuba, 288497264353.9994, 762406.1350266135, 2020-03-28, 36.25544489427343, 142.32802680839015, 205.64076794363106, 0.9789657036770809, 0.1600746259847587
DRS 02 - Araçatuba, 288422752787.82275, 720205.5329391513, 2020-03-31, 225.6060201352224, 195.18469563095272, 97.68580688897815, 0.9467838066589404, 0.19244259202323408
DRS 02 - Araçatuba, 257179535735.3779, 652655.4970014873, 2020-03-28, 16.809867394534912, 100.12104992917762, 133.55447881479398, 0.9728871137292213, 0.17912305219720911
DRS 02 - Araçatuba, 165011268263.02908, 603382.2539175807, 2020-04-01, 185.99260135481782, 24.952227338691653, 113.67133336905161, 0.978988781733307, 0.15001428720925805
DRS 02 - Araçatuba, 276141301090.39026, 756635.2899333738, 2020-03-29, 83.08247234779516, 191.1984429678374, 170.76672700035883, 0.9456026415227848, 0.17826023453331977
DRS 02 - Araçatuba, 196983973528.68985, 683624.2712973383, 2020-03-28, 2.3679909184958143, 180.36174634007534, 214.95585250118503, 0.9462003183127715, 0.15953475923639482
DRS 02 - Araçatuba, 223545448005.77426, 711008.0995926982, 2020-04-02, 183.45367500222176, 45.3314715688591, 88.77552006239628, 0.9700106663812041, 0.14087672472042387
DRS 02 - Araçatuba, 78436431697.50688, 656449.1002726635, 2020-03-28, 123.10939156441859, 165.21914584566653, 47.751184922094566, 0.9252739071674345, 0.12055041092442435
DRS 02 - Araçatuba, 316156528640.0293, 764698.5152431143, 2020-04-01, 5.047602709527782, 99.15681111854138, 132.6209130511396, 0.9601574052515365, 0.17532129301570418
DRS 02 - Araçatuba, 336156701368.9809, 752030.7425159081, 2020-04-02, 238.16532958210828, 117.85683670228204, 180.2427551051879, 0.9631911578417289, 0.1856414532135519
DRS 02 - Araçatuba, 199703765889.81665, 543020.3677815079, 2020-04-01, 238.96510483861914, 33.5198719504769, 204.16699842190718, 0.9700147840318555, 0.19982831629003725
DRS 02 - Araçatuba, 117975294.1584256, 467837.5022736363, 2020-03-30, 145.43115881341944, 132.09182407504184, 234.66826322563904, 0.18357593329144323, 0.1794004789718093
DRS 02 - Araçatuba, 379942419975.59955, 782433.7202465655, 2020-03-28, 25.663899215996018, 237.58476258660977, 177.63202997773962, 0.9864202168813475, 0.17906568880923657
DRS 02 - Araçatuba, 308557221528.4515, 695821.1756259773, 2020-03-30, 45.37162025100311, 210.71367366234097, 78.64618441162493, 0.9725345317425194, 0.18709088764195841
DRS 02 - Araçatuba, 335014283470.1668, 772311.0142008124, 2020-04-02, 36.91952604813898, 66.68544894146251, 188.16173297384825, 0.9483793841105628, 0.1923737987054323
DRS 02 - Araçatuba, 376276755949.7977, 777469.416968028, 2020-04-02, 27.820958945894454, 194.59776561565008, 101.89812514492168, 0.9651691485942158, 0.1947800753948895
DRS 02 - Araçatuba, 14772294522.692726, 657978.9810414885, 2020-03-29, 196.06684368568864, 39.828123526932174, 194.81858933653385, 0.9784891844054472, 0.030392978335537803
DRS 02 - Araçatuba, 239422856022.55994, 665489.4071934094, 2020-03-29, 236.42923197851158, 37.7919494520075, 235.87334149967478, 0.9391159703024641, 0.1963866802849839
DRS 02 - Araçatuba, 20733381.000225928, 752007.2450454198, 2020-03-28, 175.48981564855154, 67.48168016572862, 236.85627636491873, 0.16278430689880963, 0.16952120002789509
DRS 02 - Araçatuba, 224185551270.10745, 642572.5645663196, 2020-04-02, 70.46783026052825, 200.83283487630808, 28.452186880632336, 0.9451697535464595, 0.19114115790252947
DRS 02 - Araçatuba, 296498390372.1631, 721450.6994071531, 2020-03-29, 42.351466710918025, 176.52765221461354, 40.02046043324382, 0.9487006361199984, 0.19409350173845813
DRS 02 - Araçatuba, 278381657755.4866, 630834.2900853163, 2020-03-30, 56.855505142927, 120.49292735415204, 40.6607472573112, 0.9858708499222284, 0.1894053199117193
DRS 02 - Araçatuba, 6254259.359791219, 750295.247626447, 2020-04-01, 160.47028696297204, 50.46541656462521, 138.52800908811474, 0.9624592211835836, 0.021203812465744994
DRS 02 - Araçatuba, 307183360576.4445, 718116.7559357487, 2020-03-31, 49.732842153941945, 54.33169690938444, 61.37347748435784, 0.984161506736502, 0.1650994366666031
DRS 02 - Araçatuba, 294406625626.1325, 760889.7839663818, 2020-03-29, 209.52957378709613, 110.21809272196285, 79.03354894390446, 0.9285301108468073, 0.19881696188226286
DRS 02 - Araçatuba, 39993845077.28054, 282987.3952004313, 2020-03-28, 139.14447790810314, 154.20071085938798, 189.26656678219845, 0.9807120208165409, 0.14974554943715643
DRS 02 - Araçatuba, 2774459.705324001, 669144.811010278, 2020-03-31, 231.1361733448411, 207.42697878332692, 151.39809530819187, 0.7743321462426335, 0.19876689649748894
DRS 02 - Araçatuba, 108273088.92704482, 720326.8227272602, 2020-03-31, 164.78234988740624, 173.2601476011868, 101.53681158004429, 0.18917821141273627, 0.1753516002622141
DRS 02 - Araçatuba, 136944175604.62527, 714998.7529697616, 2020-03-31, 163.2013993227562, 166.17160018992965, 155.29389884425743, 0.9579099265629646, 0.11334553334467086
DRS 02 - Araçatuba, 216856259473.46396, 632638.2061794864, 2020-04-01, 201.56957602847146, 146.16688974337973, 235.48212524749067, 0.9588119951877454, 0.17727183836949612
DRS 02 - Araçatuba, 182638122654.72586, 770972.3792908053, 2020-03-28, 39.3158285748758, 146.95487270307405, 2.887333495588229, 0.915166270895515, 0.1648149406287908
DRS 02 - Araçatuba, 210622727278.93298, 691668.0163712245, 2020-04-01, 246.41145563857742, 35.76305880768081, 228.14527787045, 0.9647972221627322, 0.14770588238516053
DRS 02 - Araçatuba, 4527179.9008812625, 751015.7452678545, 2020-04-01, 125.44708104081711, 129.23847017057057, 31.985445326541768, 0.7541550687187555, 0.15969920456580045
DRS 02 - Araçatuba, 118805011312.9221, 710701.7749369683, 2020-03-29, 122.65703725164242, 90.1275768554482, 149.26966437221165, 0.9426960990601768, 0.11671670885568873
DRS 02 - Araçatuba, 273731687017.70987, 720777.6018627906, 2020-03-30, 13.735450092490392, 130.9391942520254, 243.5447523244127, 0.9547106107344726, 0.17848723279209902
DRS 02 - Araçatuba, 153005435889.12585, 762406.1350266135, 2020-04-01, 217.39968081403123, 31.636538111708052, 147.9310718212492, 0.9848199033238664, 0.0814157362195429
DRS 02 - Araçatuba, 237324968141.9455, 693431.555520155, 2020-04-03, 60.55537406669331, 5.057421210196922, 121.00403155906797, 0.9455659254846817, 0.19456949477362315
DRS 02 - Araçatuba, 302312400349.6013, 724778.2690840681, 2020-03-31, 16.809867394534912, 100.12104992917762, 131.13004258042318, 0.9601634458473127, 0.18405343297946755
DRS 02 - Araçatuba, 295687411004.95056, 761096.5277083558, 2020-03-29, 164.64136606464496, 80.58058431457833, 201.5888944207911, 0.9778783338928329, 0.15001428720925805
DRS 02 - Araçatuba, 252250908546.8686, 731075.2611025497, 2020-03-31, 228.78217188163586, 191.1984429678374, 12.111074389143356, 0.9595004144882274, 0.159627139482565
DRS 02 - Araçatuba, 246475345622.366, 719464.5956331737, 2020-03-31, 126.00610870451374, 114.21057432273892, 169.78214226732976, 0.9620554368951059, 0.15728482193912757
DRS 02 - Araçatuba, 294669241514.4781, 715159.6756062061, 2020-04-03, 111.28303038399525, 65.62447858133172, 88.77552006239628, 0.9700106663812041, 0.17435298627879733
DRS 02 - Araçatuba, 333834717387.7323, 769891.7095071046, 2020-03-28, 223.92429233340536, 87.33273694797583, 38.28679621313535, 0.9798551189522137, 0.16116295963824795
DRS 02 - Araçatuba, 256928741210.70084, 709497.293057664, 2020-04-04, 233.3043146978962, 41.067031798791284, 119.43073883894048, 0.9601574052515365, 0.1677604368605958
DRS 02 - Araçatuba, 210184483383.3407, 651154.4920952831, 2020-03-30, 238.16532958210828, 182.57776021284872, 180.2427551051879, 0.9385772636142925, 0.1856414532135519
DRS 02 - Araçatuba, 165811885773.66623, 489654.0119754194, 2020-04-01, 22.430889319398823, 241.36750176982872, 87.78633730833859, 0.9761596371616399, 0.19741236477991692
DRS 02 - Araçatuba, 149168165512.7764, 599257.0110814355, 2020-03-30, 6.886602190652184, 110.37705212121229, 109.31394268102784, 0.9579851969707575, 0.19072878540512778
DRS 02 - Araçatuba, 320062363581.29395, 704238.4316835299, 2020-03-29, 186.90619031222622, 57.53767688983707, 72.0799862368272, 0.9864202168813475, 0.17906568880923657
DRS 02 - Araçatuba, 293269080157.6073, 695821.1756259773, 2020-03-30, 206.21576002964153, 210.71367366234097, 119.87379030474224, 0.9645823410174342, 0.18709088764195841
DRS 02 - Araçatuba, 319231438520.2511, 766907.7063573053, 2020-03-30, 86.87928434058279, 166.03210071799708, 186.24431720020382, 0.9666439042784284, 0.16936155093700136
DRS 02 - Araçatuba, 16365267651.967537, 721602.1745573072, 2020-04-03, 83.24318866224544, 158.54535655612452, 221.97466358994777, 0.9510843775708953, 0.05707202265612484
DRS 02 - Araçatuba, 218316081097.7571, 724638.4744301931, 2020-04-01, 162.5772663887475, 32.836185386890236, 95.6206931605946, 0.9844196219289153, 0.1198213428413694
DRS 02 - Araçatuba, 190517835913.43765, 690262.4839929459, 2020-03-30, 45.06037920788023, 21.048176885344883, 104.61446776429001, 0.9574220165745791, 0.1565632074151241
DRS 02 - Araçatuba, 106406306.18570922, 765453.4466427822, 2020-03-30, 62.018311323113636, 209.38904947225043, 91.5176011215024, 0.232635616336283, 0.14052031172621765
DRS 02 - Araçatuba, 14151132410.378227, 691152.5880794812, 2020-03-28, 9.747728450345605, 166.58532307493456, 108.78735745019507, 0.972412219255204, 0.16114782638782474
DRS 02 - Araçatuba, 14762132.541133726, 685869.5555977295, 2020-04-02, 9.241972234799382, 120.40656079487056, 40.02046043324382, 0.2767930576572911, 0.15587799191004273
DRS 02 - Araçatuba, 387174257763.36816, 772320.8434242691, 2020-04-03, 56.855505142927, 11.246239936205825, 114.74051660118164, 0.9792958502953251, 0.1833124886861171
DRS 02 - Araçatuba, 308934055404.86414, 691801.245705261, 2020-04-03, 9.037481170087029, 20.57254693598594, 153.42491810516464, 0.9840406579527685, 0.1777681145353822
DRS 02 - Araçatuba, 331940451373.6836, 718116.7559357487, 2020-03-31, 117.52519093721847, 230.5779625672011, 109.56807443712559, 0.984161506736502, 0.1794090449427902
DRS 02 - Araçatuba, 273485211886.00528, 668969.8476200665, 2020-04-04, 187.99293466252254, 218.40395831088, 36.12305797692593, 0.9541903275130009, 0.19881696188226286
DRS 02 - Araçatuba, 198335221688.3816, 571216.7858578458, 2020-04-01, 200.1732336220346, 100.20211548628144, 96.80316178529088, 0.9671385919590388, 0.1852486877024552
DRS 02 - Araçatuba, 186502872542.3865, 636287.956045877, 2020-03-29, 204.00614613414336, 113.67401223192, 170.65402365771052, 0.9314133692931905, 0.18737767755046622
DRS 02 - Araçatuba, 243453421695.95874, 689301.884281869, 2020-03-31, 117.28456451211164, 168.99115269961024, 129.24962473029518, 0.9406217037160236, 0.18777326382770024
DRS 02 - Araçatuba, 234348748431.65283, 751202.1706297651, 2020-03-31, 181.84798434107873, 70.5908104850803, 35.26504510027092, 0.9755137897591613, 0.12857723217176997
DRS 02 - Araçatuba, 250628942919.6097, 653219.4351702381, 2020-03-29, 192.6411976141795, 14.28596572092361, 122.60535194785682, 0.9750169027108629, 0.17220337389656667
DRS 02 - Araçatuba, 234863747403.08447, 642833.5351184816, 2020-04-01, 39.3158285748758, 115.04989306863622, 86.65442776240154, 0.9594266601133928, 0.1831518645759835
DRS 02 - Araçatuba, 264502398277.57367, 670429.9965894329, 2020-03-30, 56.60264755339235, 199.41430488653975, 147.7377465058051, 0.9703543860125824, 0.17710088153813952
DRS 02 - Araçatuba, 254028923283.64023, 751015.7452678545, 2020-04-02, 235.07333844197285, 149.94050077652648, 115.64726740794521, 0.9824519825169218, 0.13038297973998644
DRS 02 - Araçatuba, 58849041816.89675, 310377.40445672144, 2020-04-04, 161.91376561223794, 16.9564043939755, 78.34186226228852, 0.9623442959099352, 0.19192770022302438
DRS 02 - Araçatuba, 138389823.48327783, 719470.5716854184, 2020-03-29, 13.735450092490392, 130.9391942520254, 86.67502024270938, 0.30646649570504236, 0.16834865291853277
DRS 02 - Araçatuba, 68392394.90959437, 762406.1350266135, 2020-03-30, 36.25544489427343, 107.63949212207422, 92.5211722821559, 0.830037457747207, 0.16290798873648776
DRS 02 - Araçatuba, 107898849541.52284, 565309.2986697269, 2020-03-29, 225.6060201352224, 195.18469563095272, 160.94969718829003, 0.9667366486966945, 0.11809039659919637
DRS 02 - Araçatuba, 282133998026.81494, 729776.6179133948, 2020-03-31, 162.36013006933436, 100.12104992917762, 179.816752135347, 0.9601634458473127, 0.17278647917715131
DRS 02 - Araçatuba, 203344647430.06052, 700620.7441517927, 2020-04-03, 164.64136606464496, 80.58058431457833, 234.24574296449669, 0.9538780697928562, 0.15001428720925805
DRS 02 - Araçatuba, 279559219294.62744, 756635.2899333738, 2020-03-29, 83.08247234779516, 91.31417048969004, 111.5878048561956, 0.9456026415227848, 0.17882559070440357
DRS 02 - Araçatuba, 240075805476.7005, 665600.6547612125, 2020-03-31, 29.756369521104553, 3.6073825512825675, 124.90609225473843, 0.9368821362893384, 0.19901315850604387
DRS 02 - Araçatuba, 228234665427.54877, 701305.713849967, 2020-03-28, 105.60674930720063, 97.21858519339071, 114.5071503326526, 0.9419755129711718, 0.17435298627879733
DRS 02 - Araçatuba, 330828291626.5477, 769891.7095071046, 2020-04-04, 80.09987122453902, 87.33273694797583, 154.25901027280636, 0.9787044350441667, 0.16116295963824795
DRS 02 - Araçatuba, 352433297372.7836, 764698.5152431143, 2020-04-01, 217.04765073851596, 46.00572691802846, 132.6209130511396, 0.9601574052515365, 0.19077221692916893
DRS 02 - Araçatuba, 68935001.92092092, 648349.9364052197, 2020-04-04, 238.16532958210828, 99.76742997048912, 220.13292165276076, 0.7929622978010242, 0.1856414532135519
DRS 02 - Araçatuba, 182621987877.54346, 668455.3516483513, 2020-04-01, 81.25380775383128, 47.13366489748917, 225.8773564025484, 0.9581551653047256, 0.1772484193855771
DRS 02 - Araçatuba, 10194378364.57053, 136988.9859748065, 2020-04-03, 59.2603030201955, 145.8697277338087, 192.98303196431303, 0.9633892685112719, 0.180894530910962
DRS 02 - Araçatuba, 290001256462.01373, 715158.2932479781, 2020-04-02, 25.663899215996018, 155.02947462358222, 110.13582737776612, 0.964046163761108, 0.17906568880923657
DRS 02 - Araçatuba, 268050125707.6201, 695821.1756259773, 2020-03-30, 65.41461582991805, 210.71367366234097, 186.8586164056523, 0.9662445762733303, 0.17522454866477988
DRS 02 - Araçatuba, 410446206953.539, 772311.0142008124, 2020-03-28, 46.00589109587502, 224.90898695537632, 188.16173297384825, 0.9882080427634787, 0.19094287081871866
DRS 02 - Araçatuba, 357910725185.5754, 777469.416968028, 2020-03-30, 30.468893759252325, 194.59776561565008, 170.70317669969643, 0.9573039590177825, 0.1947800753948895
DRS 02 - Araçatuba, 259145484938.20334, 690928.5235238033, 2020-04-04, 4.477377438744046, 153.10484603212694, 115.54594746361607, 0.9590513511044034, 0.1809067667554953
DRS 02 - Araçatuba, 8111271925.389966, 147603.13240818612, 2020-03-31, 161.83665451293183, 48.04464882546539, 173.64347355789099, 0.9391159703024641, 0.16587554520742087
DRS 02 - Araçatuba, 305179292116.6823, 743042.022890607, 2020-04-04, 175.48981564855154, 173.83442003786521, 213.3918402386546, 0.980262713790206, 0.15818367117094465
DRS 02 - Araçatuba, 214191610638.79575, 654498.9323587638, 2020-03-29, 158.67730822096632, 73.9073145137253, 132.14166587994245, 0.9642155759349775, 0.16114782638782474
DRS 02 - Araçatuba, 269423458957.24503, 727962.7398948546, 2020-03-29, 196.96772338162484, 145.4864230174239, 91.43517500257215, 0.9432263957453781, 0.18462471684531206
DRS 02 - Araçatuba, 263805009.83330932, 711990.8691725328, 2020-03-30, 56.855505142927, 11.246239936205825, 188.5685968230574, 0.4320035122272292, 0.19276606987119033
DRS 02 - Araçatuba, 239176680385.59125, 691801.245705261, 2020-03-30, 115.86403575200504, 154.50171662059986, 46.719336972600296, 0.9341852850737523, 0.19183361365577434
DRS 02 - Araçatuba, 231816585929.92102, 639982.5068358463, 2020-03-31, 167.37124545233266, 156.4768035195448, 109.56807443712559, 0.9654408575527957, 0.1794090449427902
DRS 02 - Araçatuba, 258790034442.0712, 696071.644594384, 2020-03-31, 131.43469410530693, 163.39369547928413, 119.16218383892355, 0.9481643040069665, 0.18565536188938359
DRS 02 - Araçatuba, 381232558725.81616, 779331.1851031, 2020-03-28, 113.01908032219717, 58.60567666767939, 145.6755534506864, 0.9785004017167837, 0.17871111054520422
DRS 02 - Araçatuba, 385523326362.5151, 747744.0093303367, 2020-04-01, 78.47906897938151, 9.259626989178788, 148.82372527925685, 0.9802169734081619, 0.1925426647252311
DRS 02 - Araçatuba, 276883985270.80426, 659906.0206255534, 2020-03-31, 155.14835855005038, 151.1831249165135, 156.0404083456641, 0.9741758778910309, 0.18637269637139545
DRS 02 - Araçatuba, 307561775826.22546, 719170.2677009752, 2020-03-30, 181.84798434107873, 106.41046311291348, 25.383958468138076, 0.9764311053670024, 0.17248389777700013
DRS 02 - Araçatuba, 342398433.3094019, 765463.0572943639, 2020-04-03, 201.56957602847146, 231.67332797392785, 204.15330730334355, 0.7578549619353427, 0.17727183836949612
DRS 02 - Araçatuba, 270543105688.94876, 756452.3400563176, 2020-04-03, 39.3158285748758, 115.04989306863622, 160.939505672413, 0.9830231998302318, 0.13547795267364204
DRS 02 - Araçatuba, 314157150291.3646, 751597.0370484128, 2020-03-30, 36.90738681357278, 137.78165713011123, 150.56065843476347, 0.9703543860125824, 0.19479657843189221
DRS 02 - Araçatuba, 260768307107.95477, 674920.8120256345, 2020-03-29, 175.22254338647727, 149.94050077652648, 115.64726740794521, 0.9555845357229373, 0.1879560189177232
DRS 02 - Araçatuba, 333521468208.5934, 771489.0553727759, 2020-04-02, 45.04322459212508, 99.7647254208227, 127.06586950360696, 0.9502364715977469, 0.19192770022302438
DRS 02 - Araçatuba, 196704178734.30795, 715470.9350800724, 2020-04-02, 208.90992117069803, 130.9391942520254, 130.01258848000907, 0.9469089652682463, 0.14942090058373558
DRS 02 - Araçatuba, 319753662324.69745, 689013.694259704, 2020-03-28, 179.050612580672, 125.8934283198456, 145.03306581895527, 0.9789657036770809, 0.1902067550511948
DRS 02 - Araçatuba, 253105943653.38583, 702403.1225092616, 2020-04-01, 194.90219609619945, 169.3439972069904, 97.68580688897815, 0.9809814884873618, 0.19244259202323408
DRS 02 - Araçatuba, 275661472717.0106, 724778.2690840681, 2020-03-31, 16.809867394534912, 76.41935113577975, 131.13004258042318, 0.9647779144429313, 0.1667838196525741
DRS 02 - Araçatuba, 338677841801.0402, 723448.7697438861, 2020-03-29, 244.60084756896202, 80.58058431457833, 208.13759615521562, 0.9750209214135036, 0.19786201371035503
DRS 02 - Araçatuba, 346997919947.164, 749111.0147917807, 2020-03-30, 24.626464204399955, 122.26492816947963, 158.77969108099128, 0.9886640825557107, 0.16624975091803962
DRS 02 - Araçatuba, 324001841055.97943, 770651.1140792107, 2020-04-02, 133.72574288532945, 124.77562986616246, 124.90609225473843, 0.9502231167434297, 0.18641494575201117
DRS 02 - Araçatuba, 337628958500.83405, 749233.5247680136, 2020-04-02, 105.60674930720063, 78.52125420702846, 155.33000791336747, 0.9696234680456396, 0.18104331799756107
DRS 02 - Araçatuba, 12294654367.485247, 149050.1472840983, 2020-03-29, 223.92429233340536, 223.716666189102, 188.17207872720445, 0.9850633419736953, 0.16116295963824795
DRS 02 - Araçatuba, 289597865848.34076, 744889.843046206, 2020-03-29, 36.248505602045036, 218.7699272948236, 210.56126009402175, 0.9520435671356614, 0.1886916598176028
DRS 02 - Araçatuba, 47182561438.37329, 322161.30701272516, 2020-03-29, 227.6449045201599, 117.85683670228204, 39.7779843057261, 0.9631911578417289, 0.1517364490132198
DRS 02 - Araçatuba, 297620954820.2823, 765425.9936098964, 2020-04-02, 238.96510483861914, 80.11281066296935, 83.09381774667118, 0.9435252643017042, 0.1882390322631611
DRS 02 - Araçatuba, 256475536444.52313, 708293.7325607729, 2020-03-30, 188.18538697035865, 78.84773929654948, 192.98303196431303, 0.9487112491504432, 0.1794004789718093
DRS 02 - Araçatuba, 424452157367.8271, 782433.7202465655, 2020-03-28, 25.663899215996018, 0.3642300117877792, 155.55231055705667, 0.9891846167163079, 0.18510359767824927
DRS 02 - Araçatuba, 308604495785.92163, 695821.1756259773, 2020-03-29, 207.23443033698052, 210.71367366234097, 240.67957304601882, 0.9725345317425194, 0.18709088764195841
DRS 02 - Araçatuba, 420296562481.52325, 772311.0142008124, 2020-03-31, 46.00589109587502, 224.90898695537632, 158.85859040140855, 0.9854800443675703, 0.19094287081871866
DRS 02 - Araçatuba, 247935434429.46204, 735650.0626610465, 2020-04-04, 234.3924749342636, 194.59776561565008, 70.4810335220364, 0.9285373947693943, 0.1876966788355951
DRS 02 - Araçatuba, 319229850171.098, 754171.5790457214, 2020-03-28, 137.71451069725038, 53.789142105308976, 125.69714646998747, 0.9590513511044034, 0.1815744807649876
DRS 02 - Araçatuba, 250509360681.38693, 717910.1502061432, 2020-03-29, 236.42923197851158, 37.7919494520075, 235.87334149967478, 0.9420139553386836, 0.17979994615054495
DRS 02 - Araçatuba, 300368986093.94366, 717678.2576093755, 2020-04-01, 195.4888353701354, 164.4676742287886, 48.194589698457996, 0.9657522093484416, 0.18103617588739196
DRS 02 - Araçatuba, 272956010938.46143, 707482.7904950998, 2020-03-31, 202.1070009642185, 73.9073145137253, 108.78735745019507, 0.9702394797940922, 0.18554232982848592
DRS 02 - Araçatuba, 110147019914.53076, 438681.7908698156, 2020-04-02, 58.40801845535408, 96.89893389669334, 163.74570435492154, 0.949833926423634, 0.19409350173845813
DRS 02 - Araçatuba, 350995729444.1416, 762389.594578465, 2020-04-03, 80.12885322217788, 46.61563634658203, 119.44746431129914, 0.968083107187715, 0.1833124886861171
DRS 02 - Araçatuba, 156837755787.5301, 709614.8268676453, 2020-04-02, 78.17416584587703, 232.42117528605138, 153.42491810516464, 0.9557874421925102, 0.12258487931789565
DRS 02 - Araçatuba, 179490430.39969084, 728508.211081508, 2020-03-29, 117.52519093721847, 68.93574451363138, 109.56807443712559, 0.7839047434994367, 0.16129096600719245
DRS 02 - Araçatuba, 374083089362.5842, 751869.8198794638, 2020-03-31, 142.91669471862517, 218.40395831088, 242.5603313334773, 0.9738216129551249, 0.19186010136372575
DRS 02 - Araçatuba, 85675123728.84651, 354720.4214653984, 2020-04-02, 54.93364523106739, 120.72453138888667, 56.3813705779434, 0.9785004017167837, 0.19295536543377725
DRS 02 - Araçatuba, 314202075751.9863, 683584.9061714859, 2020-04-04, 78.47906897938151, 2.706964524070293, 148.82372527925685, 0.9802169734081619, 0.18830019404686216
DRS 02 - Araçatuba, 97131051652.76009, 641080.4536151007, 2020-04-02, 20.49028775218084, 82.10739341519937, 181.43978909205413, 0.9195780831281603, 0.1402082870802937
DRS 02 - Araçatuba, 332182423549.0058, 719170.2677009752, 2020-03-30, 161.12170655859592, 153.59153870614733, 106.72660639627044, 0.9764311053670024, 0.1843970192269616
DRS 02 - Araçatuba, 289262245797.91144, 682058.2252340607, 2020-03-29, 72.58492440307148, 35.71733955238614, 204.97274258457605, 0.9811013945490319, 0.17727183836949612
DRS 02 - Araçatuba, 305777107025.13, 757776.2644792749, 2020-04-03, 147.66698908797238, 27.082696430079515, 171.0998690721068, 0.9383016295035165, 0.19511861082045623
DRS 02 - Araçatuba, 244676281555.32544, 751597.0370484128, 2020-03-31, 8.138459658866253, 157.70944690202222, 193.73795090583846, 0.9141665250683372, 0.19479657843189221
DRS 02 - Araçatuba, 299667625365.545, 760184.5319269223, 2020-04-02, 175.22254338647727, 149.94050077652648, 113.45205413279439, 0.9555845357229373, 0.17429107618844275
DRS 02 - Araçatuba, 235019313864.0557, 762221.6468517806, 2020-04-03, 122.27042264487389, 169.74280627431193, 170.46681010086905, 0.9329379351005292, 0.16843661335490734
DRS 02 - Araçatuba, 118391028590.47733, 472587.8752304417, 2020-03-30, 63.814536534486045, 189.887049853588, 127.13514375324472, 0.9547106107344726, 0.17848723279209902
DRS 02 - Araçatuba, 353800504088.4136, 719535.0447831565, 2020-03-28, 179.050612580672, 63.898782776654286, 150.6607974511254, 0.9825334939462751, 0.1902067550511948
DRS 02 - Araçatuba, 187362468718.84717, 720205.5329391513, 2020-03-31, 225.6060201352224, 0.06998505572164415, 12.676622095361397, 0.9467838066589404, 0.14392299705059233
DRS 02 - Araçatuba, 477797673.22636575, 749090.3838202102, 2020-03-31, 25.966589269789093, 123.2833726910585, 131.13004258042318, 0.8002629147058382, 0.18405343297946755
DRS 02 - Araçatuba, 30137706103.07012, 221120.45839546516, 2020-03-30, 131.67679953522259, 33.88344674065184, 51.55551691596131, 0.9750209214135036, 0.18218580991957228
DRS 02 - Araçatuba, 321788105679.16864, 710841.0144503855, 2020-04-04, 113.26562920311362, 217.2807105899663, 65.02813317461164, 0.9796206826989623, 0.17984477948173244
DRS 02 - Araçatuba, 188573320900.51428, 662447.942027995, 2020-03-31, 133.72574288532945, 124.77562986616246, 124.90609225473843, 0.9410282354963024, 0.16689935180210838
DRS 02 - Araçatuba, 387515455208.99866, 771809.3326390379, 2020-04-01, 60.78495094587787, 78.52125420702846, 165.6404491409504, 0.9696234680456396, 0.19702869586771476
DRS 02 - Araçatuba, 333773046329.8352, 769891.7095071046, 2020-03-28, 223.92429233340536, 116.78787788628573, 41.221966265748506, 0.9798551189522137, 0.16116295963824795
DRS 02 - Araçatuba, 275984676063.9411, 781211.6941272181, 2020-04-02, 217.04765073851596, 124.06410487694305, 87.26783295736229, 0.9601574052515365, 0.19077221692916893
DRS 02 - Araçatuba, 6010259455.704614, 736793.0021714282, 2020-04-01, 95.20428509735905, 125.03899755491551, 180.2427551051879, 0.2813499816877797, 0.1856414532135519
DRS 02 - Araçatuba, 304611359589.6809, 710647.2862682899, 2020-04-02, 118.3611720381001, 208.5616682051754, 83.09381774667118, 0.9551213344768649, 0.19592361309827078
DRS 02 - Araçatuba, 316560420128.3761, 768641.4668909303, 2020-04-03, 28.365610507333233, 78.84773929654948, 192.98303196431303, 0.9487112491504432, 0.1871694035880146
DRS 02 - Araçatuba, 355805303886.07385, 760304.7036115179, 2020-04-04, 13.569056581360705, 51.52150629486077, 229.82931113577348, 0.9691703991315348, 0.18510359767824927
DRS 02 - Araçatuba, 272133646968.89618, 762308.7012659664, 2020-04-01, 19.008729664111573, 210.71367366234097, 219.31507710562698, 0.9605232663147417, 0.15705543123825433
DRS 02 - Araçatuba, 347005328033.9922, 701726.709892819, 2020-04-03, 213.99932607824138, 182.96966713720798, 165.3779595196251, 0.9854800443675703, 0.19094287081871866
DRS 02 - Araçatuba, 224764166333.90646, 777469.416968028, 2020-03-30, 27.820958945894454, 194.59776561565008, 172.59104146707566, 0.9219006763738746, 0.17927542603384553
DRS 02 - Araçatuba, 270969214989.84555, 671445.7726588913, 2020-03-28, 41.60748182801654, 211.44981322715088, 125.69714646998747, 0.9590513511044034, 0.19153978666456684
DRS 02 - Araçatuba, 294443505842.8407, 695109.2592275471, 2020-03-29, 151.70745340842535, 235.1896410781896, 249.38373266709777, 0.9728762440313903, 0.17979994615054495
DRS 02 - Araçatuba, 343897228700.8591, 752007.2450454198, 2020-04-02, 184.91748940715348, 116.71856627817202, 213.3918402386546, 0.980262713790206, 0.1722247918613154
DRS 02 - Araçatuba, 292951932218.38885, 707482.7904950998, 2020-04-01, 202.1070009642185, 150.946584651033, 104.20490803914049, 0.9702394797940922, 0.18554232982848592
DRS 02 - Araçatuba, 282373871462.3542, 699038.911309979, 2020-04-02, 153.64067459115367, 175.82529992850542, 40.02046043324382, 0.9540298959029236, 0.19952769581816182
DRS 02 - Araçatuba, 349073473128.55554, 754914.9672433682, 2020-04-03, 100.98062726390826, 184.04482065685653, 101.7717426720208, 0.9752253293309163, 0.17815282527771722
DRS 02 - Araçatuba, 234455365747.2272, 691801.245705261, 2020-04-04, 9.037481170087029, 20.57254693598594, 105.73469672394317, 0.9840406579527685, 0.13883875528984105
DRS 02 - Araçatuba, 63631409978.757065, 752838.1228762997, 2020-03-31, 117.52519093721847, 36.15839129749218, 131.23882210295818, 0.8666765268836196, 0.1617954943367955
DRS 02 - Araçatuba, 309987332291.8565, 693332.4436432539, 2020-03-30, 142.91669471862517, 43.67113175476216, 242.5603313334773, 0.9699291071606043, 0.19186010136372575
DRS 02 - Araçatuba, 319986150077.4466, 742397.8565283372, 2020-04-01, 113.01908032219717, 45.18615678465876, 145.6755534506864, 0.9785004017167837, 0.1669690679580495
DRS 02 - Araçatuba, 365177483433.4239, 738325.2632226942, 2020-04-02, 99.50610440096028, 36.4287255435011, 173.67666928271836, 0.9802771047075034, 0.1875499921748917
DRS 02 - Araçatuba, 104748050.42047267, 740289.9822420968, 2020-03-31, 140.1269181614736, 34.77773594569139, 82.30713130537387, 0.4952424854324724, 0.1753516002622141
DRS 02 - Araçatuba, 326902157795.836, 721541.7938159191, 2020-04-01, 161.12170655859592, 176.7493605176529, 183.87659537501528, 0.9711714249336354, 0.18607465772585835
DRS 02 - Araçatuba, 91197756.41581313, 700087.889901747, 2020-04-03, 11.12187836728111, 55.01610009331251, 207.3351560445042, 0.15132242282405922, 0.17648882092150253
DRS 02 - Araçatuba, 326142546675.12604, 757776.2644792749, 2020-04-03, 147.66698908797238, 115.07869435382842, 212.98599889638942, 0.9620315931815733, 0.19511861082045623
DRS 02 - Araçatuba, 336673501396.66956, 751597.0370484128, 2020-03-28, 36.90738681357278, 137.78165713011123, 150.56065843476347, 0.9703543860125824, 0.179019707066782
DRS 02 - Araçatuba, 20034707161.671104, 190921.89360368217, 2020-04-02, 175.22254338647727, 149.94050077652648, 113.45205413279439, 0.9648779666555558, 0.17834454180636705
DRS 02 - Araçatuba, 195773024561.76273, 562198.6004356949, 2020-03-30, 102.51472974013957, 200.1595404188366, 88.27359054758139, 0.9559769258767153, 0.19930899453329937
DRS 02 - Araçatuba, 276218458210.56494, 720777.6018627906, 2020-03-30, 144.04982722278643, 157.07945794030223, 179.89849434807806, 0.9547106107344726, 0.17848723279209902
DRS 02 - Araçatuba, 297406096986.599, 749897.3312570303, 2020-03-30, 239.78035243658906, 173.38735784463145, 150.6607974511254, 0.9698695634412474, 0.16625245782182632
DRS 02 - Araçatuba, 271542334905.57758, 720205.5329391513, 2020-04-01, 105.69881251307866, 169.58292529239165, 97.68580688897815, 0.9467838066589404, 0.1859738304384984
DRS 02 - Araçatuba, 251648167694.24615, 724778.2690840681, 2020-03-31, 122.85697374707735, 100.12104992917762, 131.13004258042318, 0.9601634458473127, 0.16978101851203428
DRS 02 - Araçatuba, 107927333.32389502, 723448.7697438861, 2020-03-29, 109.19193182669606, 80.58058431457833, 72.37750449515964, 0.25499498903138706, 0.1529932660857476
DRS 02 - Araçatuba, 45381857318.74063, 749111.0147917807, 2020-03-31, 23.25794816079932, 143.50785825806852, 150.08845951790144, 0.8241725849760133, 0.19627202157474882
DRS 02 - Araçatuba, 292118565105.28656, 731936.4056267375, 2020-03-29, 100.60488106615345, 65.852550679639, 124.90609225473843, 0.9502231167434297, 0.18641494575201117
DRS 02 - Araçatuba, 351923323398.81055, 771809.3326390379, 2020-04-03, 117.58036437972643, 244.1314354477781, 51.15486637449601, 0.9696234680456396, 0.1782716228816866
DRS 02 - Araçatuba, 241793068762.5099, 710839.3637069311, 2020-03-28, 200.8763731838863, 87.33273694797583, 75.2307688588101, 0.9603247856511644, 0.16116295963824795
DRS 02 - Araçatuba, 352545617523.5044, 764698.5152431143, 2020-03-30, 217.04765073851596, 191.0231103348211, 183.0713462399364, 0.9601574052515365, 0.19077221692916893
DRS 02 - Araçatuba, 382586451123.9047, 772943.4462830718, 2020-04-01, 238.16532958210828, 137.8463047115069, 205.93314809140966, 0.9807719745608964, 0.1796216621209557
DRS 02 - Araçatuba, 106611713.83341342, 688265.9472551462, 2020-03-28, 118.3611720381001, 190.4955660077834, 211.1388861152411, 0.4815488413673622, 0.170960296703102
DRS 02 - Araçatuba, 66417855.24690124, 768641.4668909303, 2020-03-30, 28.365610507333233, 64.7310487251894, 86.89934537550224, 0.4349074420794522, 0.1578022132825676
DRS 02 - Araçatuba, 336493776.93585, 454112.20328015735, 2020-03-28, 175.7127950166106, 91.37679419539239, 117.65794766933901, 0.5795623896953486, 0.15336667906946674
DRS 02 - Araçatuba, 345699768583.1555, 735526.8611716747, 2020-03-31, 207.23443033698052, 210.71367366234097, 194.7487265907648, 0.9725345317425194, 0.18744127654059387
DRS 02 - Araçatuba, 364968629058.50055, 743909.1235772844, 2020-03-31, 46.00589109587502, 167.07757297109882, 134.3075918566921, 0.9762033514169465, 0.19094287081871866
DRS 02 - Araçatuba, 216892870323.26648, 585565.3569769508, 2020-03-30, 27.820958945894454, 227.45509270472704, 101.89812514492168, 0.9700158801946772, 0.1947800753948895
DRS 02 - Araçatuba, 7024542474.829584, 106007.6793589308, 2020-04-03, 33.08093871727695, 163.54156197789845, 109.85635425844018, 0.9725740819032586, 0.19862574695397178
DRS 02 - Araçatuba, 79477411722.07315, 739422.3761791049, 2020-03-29, 151.70745340842535, 155.63571427420234, 4.819729144286688, 0.9728762440313903, 0.0640606064026482
DRS 02 - Araçatuba, 317131136098.7547, 721820.7896910439, 2020-03-30, 151.24356678284377, 85.359043847733, 213.3918402386546, 0.980262713790206, 0.1722247918613154
DRS 02 - Araçatuba, 222768669197.31937, 707482.7904950998, 2020-04-02, 148.9860914333899, 179.65134184993374, 165.39459306714656, 0.9159969580993512, 0.19553414398529553
DRS 02 - Araçatuba, 279904729692.57446, 771461.9452368739, 2020-04-02, 103.88260735402794, 96.89893389669334, 112.34158515381223, 0.923738028519591, 0.19409350173845813
DRS 02 - Araçatuba, 356171841713.2542, 766083.5493506135, 2020-04-02, 240.6476219401848, 64.14082916452696, 191.7032594812204, 0.9792958502953251, 0.17406095754184325
DRS 02 - Araçatuba, 347517266318.7796, 751626.8391215524, 2020-03-31, 9.037481170087029, 217.40063337492373, 72.11249501147923, 0.9862479891058983, 0.1679251397818859
DRS 02 - Araçatuba, 367988000605.96075, 750459.7164542985, 2020-03-29, 237.09757019175254, 136.75141578317027, 109.56807443712559, 0.984161506736502, 0.1794090449427902
DRS 02 - Araçatuba, 268808182020.51953, 745093.7772081986, 2020-03-31, 142.91669471862517, 218.40395831088, 173.59937930737584, 0.9778731313269833, 0.14342095972680532
DRS 02 - Araçatuba, 351103123130.61255, 731145.8296076746, 2020-04-02, 179.58122065515934, 58.60567666767939, 145.6755534506864, 0.9785004017167837, 0.18599430691423874
DRS 02 - Araçatuba, 407322474198.29004, 780034.7063434984, 2020-03-28, 101.96378015340811, 34.519535903894855, 184.79648092929378, 0.985914805326532, 0.1817658065303797
DRS 02 - Araçatuba, 299671868530.8684, 718497.161859616, 2020-03-31, 26.666140702427537, 132.19411466420198, 192.2226829434577, 0.9741758778910309, 0.18370869702221973
DRS 02 - Araçatuba, 110719725744.99611, 716650.5843996395, 2020-03-29, 161.12170655859592, 130.19317470321135, 232.59995197147921, 0.9677818382701195, 0.0864187831539028
DRS 02 - Araçatuba, 193094894706.9134, 552265.034877429, 2020-03-28, 91.22724264588753, 94.34670406921131, 204.15330730334355, 0.9892123910652821, 0.16963352379129348
DRS 02 - Araçatuba, 309201547147.2609, 723266.0703170293, 2020-04-01, 240.78511973547387, 170.92030471630778, 204.87587515197743, 0.9608289649676656, 0.18717926082272382
DRS 02 - Araçatuba, 314504300890.5379, 718067.116986281, 2020-04-04, 36.90738681357278, 137.78165713011123, 150.56065843476347, 0.9535401897041265, 0.19936705328416238
DRS 02 - Araçatuba, 328262463649.506, 760184.5319269223, 2020-03-31, 175.22254338647727, 190.57318990704056, 69.01541313673498, 0.9555845357229373, 0.1897928284714117
DRS 02 - Araçatuba, 276083730434.96173, 764299.3749786667, 2020-04-02, 151.6436584631719, 99.7647254208227, 127.06586950360696, 0.9322931841001296, 0.19686171260305219
DRS 02 - Araçatuba, 276176472342.2491, 720777.6018627906, 2020-04-02, 102.45513619293553, 180.97703890417876, 226.06651563198236, 0.9547106107344726, 0.17848723279209902
DRS 02 - Araçatuba, 350194581843.11414, 719535.0447831565, 2020-03-28, 179.050612580672, 114.86859034658745, 150.6607974511254, 0.9825334939462751, 0.1902067550511948
DRS 02 - Araçatuba, 251470945935.15195, 720205.5329391513, 2020-03-31, 29.715028088300585, 94.17273965328515, 97.68580688897815, 0.9467838066589404, 0.17474130875960545
DRS 02 - Araçatuba, 369318469976.433, 748722.9819896047, 2020-03-28, 16.809867394534912, 138.69917575909054, 131.13004258042318, 0.989199416504664, 0.17582609102498425
DRS 02 - Araçatuba, 252938117997.6116, 718917.1559590817, 2020-03-29, 244.60084756896202, 192.00414238271662, 173.97586287066332, 0.9483037843453903, 0.17465395582624932
DRS 02 - Araçatuba, 72583528402.55392, 736720.4858112949, 2020-03-29, 24.626464204399955, 74.50326618780234, 158.77969108099128, 0.9886640825557107, 0.17796445295784455
DRS 02 - Araçatuba, 1766009.817286759, 774835.8108533724, 2020-04-02, 236.5875813160135, 55.4450819756901, 51.99595457530903, 0.45156870993067855, 0.1544764909738351
DRS 02 - Araçatuba, 303955748806.5406, 750610.4773816685, 2020-04-02, 149.74096164996146, 232.76840479834007, 165.6404491409504, 0.9527173277580597, 0.18240528752403978
DRS 02 - Araçatuba, 269729856194.217, 717090.077729169, 2020-04-01, 60.92016447513962, 218.43716172402554, 95.42321167616265, 0.969232056106298, 0.16218057405597144
DRS 02 - Araçatuba, 347317020304.01086, 759501.1541053186, 2020-03-30, 174.1071431203254, 191.0231103348211, 183.0713462399364, 0.9601574052515365, 0.19077221692916893
DRS 02 - Araçatuba, 361755253234.32635, 764534.3295751192, 2020-03-31, 238.16532958210828, 147.15685153262783, 246.26621582596192, 0.9724692580177635, 0.18643598467136882
DRS 02 - Araçatuba, 264475502500.6806, 709837.6451289229, 2020-03-28, 222.91828623386175, 106.81162933852474, 204.0235189123286, 0.9551213344768649, 0.17940531317218067
DRS 02 - Araçatuba, 246743403333.81528, 768641.4668909303, 2020-04-03, 67.58844256357668, 173.66669801809294, 45.61496747604097, 0.9487112491504432, 0.16287511658928724
DRS 02 - Araçatuba, 418285710485.2096, 766447.3385031468, 2020-03-29, 100.04706124332039, 0.3642300117877792, 106.3557906702546, 0.9891846167163079, 0.1891741780307195
DRS 02 - Araçatuba, 364114451736.09406, 755073.115279834, 2020-03-31, 39.4030520546359, 191.38920467643112, 176.3876105528736, 0.9725345317425194, 0.18744127654059387
DRS 02 - Araçatuba, 400716496797.13715, 772311.0142008124, 2020-03-28, 200.88888787744574, 158.74869777578957, 207.38888951086722, 0.9772936845212721, 0.19094287081871866
DRS 02 - Araçatuba, 5143162517.327021, 97493.09502590685, 2020-03-31, 27.820958945894454, 225.65439082935845, 163.74573986039348, 0.9551116092485219, 0.19553682512535786
DRS 02 - Araçatuba, 326341759431.73035, 718684.0499996056, 2020-03-30, 123.19843474503406, 170.307895629475, 157.62856840584175, 0.976664484685123, 0.1815744807649876
DRS 02 - Araçatuba, 248137051326.2334, 695109.2592275471, 2020-03-28, 151.70745340842535, 111.75706241390304, 249.38373266709777, 0.963761519182806, 0.1649618791968587
DRS 02 - Araçatuba, 334828453206.56946, 739609.9070823272, 2020-03-31, 175.48981564855154, 119.01678547192462, 88.74499408586297, 0.9674906374925568, 0.18578978810936508
DRS 02 - Araçatuba, 313922229195.1376, 726455.716306561, 2020-04-01, 80.78904134747226, 243.9580565245181, 189.53938928982146, 0.9651347024555599, 0.1838907464994694
DRS 02 - Araçatuba, 366150154765.50867, 779666.8194514522, 2020-03-28, 93.4212656678644, 96.89893389669334, 40.02046043324382, 0.9681809324732378, 0.18736890175500737
DRS 02 - Araçatuba, 336726064243.79834, 719076.1429493659, 2020-04-03, 122.75397564875462, 11.246239936205825, 114.74051660118164, 0.9792958502953251, 0.18385771933775136
DRS 02 - Araçatuba, 393198811176.25073, 751626.8391215524, 2020-04-02, 9.037481170087029, 217.40063337492373, 120.10893509652144, 0.9862479891058983, 0.18804005952475009
DRS 02 - Araçatuba, 380045406820.9579, 722131.1635937182, 2020-04-02, 237.09757019175254, 136.75141578317027, 71.41599564217996, 0.984161506736502, 0.19825637298494522
DRS 02 - Araçatuba, 361689660322.16724, 773630.055585165, 2020-03-31, 142.91669471862517, 76.47810248664626, 179.71402536655296, 0.9738216129551249, 0.1775434169848953
DRS 02 - Araçatuba, 285163975986.35736, 712802.875258697, 2020-03-31, 123.56128126973749, 93.19530152753606, 218.3092755446324, 0.9657002425165772, 0.17650425603545966
DRS 02 - Araçatuba, 301218296.81977004, 764428.4926460969, 2020-03-28, 236.01385238014038, 34.519535903894855, 70.00281035907375, 0.6354019647851531, 0.17700828485936074
DRS 02 - Araçatuba, 316172943734.8752, 735424.5450648664, 2020-03-30, 164.78234988740624, 184.05251363422, 208.3467549479842, 0.9673958656271723, 0.17901246534040738
DRS 02 - Araçatuba, 25370088658.13982, 719170.2677009752, 2020-03-30, 99.7243158641026, 153.59153870614733, 193.15554523173802, 0.8210208977246254, 0.19162661173896794
DRS 02 - Araçatuba, 406940885915.83575, 752103.6651749115, 2020-03-31, 138.11134867204748, 78.77239760384019, 121.64444577982059, 0.9892123910652821, 0.19103437972150175
DRS 02 - Araçatuba, 324220713438.37244, 741637.4527631889, 2020-03-29, 200.77930988108406, 87.67504796036064, 215.65104153009364, 0.9525224048513592, 0.19511861082045623
DRS 02 - Araçatuba, 362302911804.5034, 711453.3141353827, 2020-03-31, 149.89445864056188, 161.44868870245804, 64.05737547632995, 0.9829015964240139, 0.19680243008994694
DRS 02 - Araçatuba, 287890470846.42224, 760184.5319269223, 2020-03-29, 218.06789447112, 76.15012573723556, 69.01541313673498, 0.9555845357229373, 0.1691974273903035
DRS 02 - Araçatuba, 84625500320.06459, 378342.0950671091, 2020-03-30, 108.73174232204944, 96.75606326672575, 127.06586950360696, 0.9823317496751072, 0.16655939988803004
DRS 02 - Araçatuba, 347819555981.7099, 720777.6018627906, 2020-04-04, 144.04982722278643, 153.87159105462493, 150.2137277515256, 0.9717168253344904, 0.19593648853711645
DRS 02 - Araçatuba, 895643253.0608114, 45912.202186214265, 2020-03-28, 82.68954339446115, 63.898782776654286, 150.6607974511254, 0.9825334939462751, 0.1974697062691985
DRS 02 - Araçatuba, 377755520087.82184, 771800.1187550648, 2020-03-28, 199.74445991720194, 119.10221809948499, 107.00237624630046, 0.9820632786441723, 0.177288860338643
DRS 02 - Araçatuba, 9081041874.078714, 147881.65160401154, 2020-04-03, 16.809867394534912, 206.23672779708207, 119.7319972045231, 0.989199416504664, 0.13679338870649724
DRS 02 - Araçatuba, 310640224888.11, 769333.4735489216, 2020-03-29, 45.89941830945407, 103.9949856225371, 36.84795398010235, 0.9750209214135036, 0.15749036610695177
DRS 02 - Araçatuba, 277063385.9274884, 749111.0147917807, 2020-03-28, 83.926329100387, 122.26492816947963, 158.77969108099128, 0.5774291622499244, 0.16624975091803962
DRS 02 - Araçatuba, 366337201100.53534, 770651.1140792107, 2020-04-03, 60.74643722601382, 114.24908252729324, 124.90609225473843, 0.9577229086957169, 0.19676962923338234
DRS 02 - Araçatuba, 386094267.1600018, 677156.806937664, 2020-03-28, 216.76439939183192, 78.52125420702846, 51.94621353048898, 0.7284840280938786, 0.19702869586771476
DRS 02 - Araçatuba, 337388786947.4055, 753101.562095157, 2020-03-28, 26.564814318214488, 87.33273694797583, 185.84879618068126, 0.9541034480923726, 0.1949460207930159
DRS 02 - Araçatuba, 278673175927.6282, 775968.1623122413, 2020-03-30, 130.59300941495857, 72.48561296101627, 16.53494224078772, 0.9601574052515365, 0.19077221692916893
DRS 02 - Araçatuba, 375103685727.60864, 743361.8532521896, 2020-03-28, 133.32614534249868, 216.02252523055395, 219.75979574045223, 0.9807719745608964, 0.18919006859644913
DRS 02 - Araçatuba, 335578077533.5148, 710647.2862682899, 2020-03-30, 164.68464469766664, 208.5616682051754, 186.00957726546383, 0.9807887417611364, 0.18559734268145622
DRS 02 - Araçatuba, 306813322122.7709, 766858.7992379512, 2020-03-31, 74.00756188876333, 169.54210911608573, 181.57629830969265, 0.9487112491504432, 0.1819831710755725
DRS 02 - Araçatuba, 395788786524.49756, 757033.203390227, 2020-04-03, 125.30835311925173, 109.9154365711216, 180.6681389632771, 0.9891846167163079, 0.18510359767824927
DRS 02 - Araçatuba, 322398853366.95575, 689014.3270539421, 2020-03-29, 39.4030520546359, 191.38920467643112, 144.21819635700123, 0.9725345317425194, 0.19757691515079187
DRS 02 - Araçatuba, 318937562068.8696, 731811.9531629261, 2020-03-30, 71.68363763574607, 170.14058405784445, 186.9386779339508, 0.9636143565966547, 0.18556789037879906
DRS 02 - Araçatuba, 23068016710.76378, 770753.9684674306, 2020-03-28, 170.92549683021397, 59.15836354021118, 204.35433137743937, 0.9813708445878306, 0.17761120312591933
DRS 02 - Araçatuba, 374784293980.7799, 779874.0496793945, 2020-04-03, 196.48313049892792, 109.78155925150793, 26.654173953511403, 0.976664484685123, 0.1776165159109162
DRS 02 - Araçatuba, 7475728310.402171, 113210.78041386418, 2020-03-30, 213.92253308077397, 235.1896410781896, 120.81184365418716, 0.9728762440313903, 0.18382805878633152
DRS 02 - Araçatuba, 362767695765.0457, 749972.758239369, 2020-03-30, 131.8060787956194, 204.46907542463043, 213.3918402386546, 0.9728055107283327, 0.1886901271641468
DRS 02 - Araçatuba, 301453642428.6522, 711911.1075294245, 2020-03-30, 80.78904134747226, 217.84507834370166, 205.44160752833662, 0.9651347024555599, 0.1838907464994694
DRS 02 - Araçatuba, 1290566.6793694613, 746330.8813303396, 2020-03-28, 56.14182905155155, 83.55986201287848, 85.5322379016977, 0.3756729158582892, 0.1718019635689238
DRS 02 - Araçatuba, 310641946002.3961, 778561.0672062334, 2020-04-04, 67.89685977878732, 158.3729855143984, 222.4188619226383, 0.946083175896153, 0.18230544265486853
DRS 02 - Araçatuba, 336139782493.61664, 715375.5409478553, 2020-04-02, 9.037481170087029, 136.2849170626842, 120.10893509652144, 0.9862479891058983, 0.19222773542264518
DRS 02 - Araçatuba, 353922665211.4238, 753118.8141106785, 2020-03-31, 237.09757019175254, 136.75141578317027, 142.3561620509981, 0.9579598833368066, 0.19825637298494522
DRS 02 - Araçatuba, 385644916038.06866, 751869.8198794638, 2020-03-31, 142.91669471862517, 216.23613932041354, 96.07797723778553, 0.9831958789399124, 0.1875688413991498
DRS 02 - Araçatuba, 301961346962.4921, 758398.4019118425, 2020-03-28, 78.31255771932746, 167.81039871510467, 117.63508903009482, 0.9367248881565234, 0.19538000161429028
DRS 02 - Araçatuba, 348886177849.25903, 716057.0994768243, 2020-03-31, 126.9768664247809, 95.49634193900816, 184.79648092929378, 0.9897744228874619, 0.19631705448222184
DRS 02 - Araçatuba, 41064422.578887746, 688182.617184015, 2020-03-31, 164.78234988740624, 171.63198604082103, 35.78643998745228, 0.5051816867062581, 0.17630512918750227
DRS 02 - Araçatuba, 396900256025.0145, 752398.0865357359, 2020-03-30, 115.59835918383338, 153.59153870614733, 162.89881187489544, 0.976968572865265, 0.19858001410596177
DRS 02 - Araçatuba, 400656298380.6668, 746058.4174405012, 2020-03-31, 138.11134867204748, 161.52461471923456, 230.30774654889785, 0.9892123910652821, 0.19114789235021756
DRS 02 - Araçatuba, 325765282314.3854, 768971.9170459901, 2020-04-03, 176.2408436812796, 185.77515909041998, 73.04962558429509, 0.9525353967890713, 0.18539536714832155
DRS 02 - Araçatuba, 341282667725.49854, 736496.0340928303, 2020-04-03, 149.89445864056188, 86.38971154035809, 64.05737547632995, 0.9632262895893329, 0.19582342821424198
DRS 02 - Araçatuba, 398667023100.13544, 754964.7191399571, 2020-03-30, 131.49809344506787, 190.57318990704056, 69.01541313673498, 0.9821119963576821, 0.19299375096755855
DRS 02 - Araçatuba, 347836840393.1137, 771489.0553727759, 2020-03-30, 194.03033456332886, 68.32526150013595, 43.30110297698791, 0.9502364715977469, 0.19608769624099032
DRS 02 - Araçatuba, 351420458826.2112, 741313.1829661176, 2020-03-28, 144.04982722278643, 153.87159105462493, 150.2137277515256, 0.9717168253344904, 0.18842876839990946
DRS 02 - Araçatuba, 320229681051.212, 719535.0447831565, 2020-04-04, 132.7008174375785, 63.898782776654286, 29.625303241466913, 0.9825334939462751, 0.1724300684770908
DRS 02 - Araçatuba, 355742314977.7224, 744460.3450051805, 2020-03-28, 127.34564477565962, 205.56856351972687, 107.00237624630046, 0.9820632786441723, 0.17909687457733295
DRS 02 - Araçatuba, 554312927.3733068, 748722.9819896047, 2020-04-01, 16.809867394534912, 138.69917575909054, 131.13004258042318, 0.984349912921945, 0.00869967799251088
DRS 02 - Araçatuba, 384333780714.10767, 747738.6760064584, 2020-04-03, 72.1226242558072, 47.83211631607496, 102.50244545292895, 0.9750209214135036, 0.19721238846486694
DRS 02 - Araçatuba, 373488138304.1195, 777029.5732404469, 2020-03-30, 24.626464204399955, 218.56242250227956, 158.77969108099128, 0.9886640825557107, 0.16624975091803962
DRS 02 - Araçatuba, 333321761018.2928, 774300.022101862, 2020-04-01, 195.019863303677, 118.53242662293914, 189.39638091517966, 0.9577229086957169, 0.18150909043205601
DRS 02 - Araçatuba, 356657153226.13477, 777220.1330641614, 2020-04-03, 152.92599471101016, 78.52125420702846, 165.6404491409504, 0.9757870200848006, 0.1720859780645069
DRS 02 - Araçatuba, 319689937392.5292, 752922.5904423352, 2020-03-28, 26.564814318214488, 87.33273694797583, 44.658565796913265, 0.9541034480923726, 0.19906356301820768
DRS 02 - Araçatuba, 314953664608.7009, 709844.1266684905, 2020-04-01, 217.04765073851596, 185.9934860811478, 183.0713462399364, 0.9601574052515365, 0.196353280057391
DRS 02 - Araçatuba, 305567076822.8061, 772943.4462830718, 2020-04-01, 122.39598675418189, 125.32874783699945, 166.82989925357725, 0.9501388867143953, 0.1796216621209557